1254,1437,1500
1258,1446,1500
1260,1446,1500
1262,1445,1500
1264,1445,1500
1266,1444,1500
1268,1443,1500
1270,1443,1500
1272,1442,1500
1274,1442,1500
1276,1441,1500
1278,1440,1500
1280,1440,1500
1282,1439,1500
1284,1438,1500
1286,1438,1500
1288,1437,1500
1294,1445,1500
1296,1445,1500
1298,1444,1500
1300,1443,1500
1303,1443,1500
1305,1442,1500
1307,1441,1500
1309,1440,1500
1311,1440,1500
1313,1439,1500
1315,1438,1500
1317,1438,1500
1319,1437,1500
1321,1436,1500
1323,1435,1500
1326,1435,1500
1328,1434,1500
1330,1433,1500
1332,1432,1500
1334,1432,1500
1336,1431,1500
1339,1430,1500
1344,1437,1500
1347,1436,1500
1349,1435,1500
1351,1435,1500
1353,1434,1500
1355,1433,1500
1358,1432,1500
1360,1431,1500
1362,1430,1500
1364,1429,1500
1367,1428,1500
1369,1428,1500
1371,1427,1500
1373,1426,1500
1376,1425,1500
1378,1424,1500
1380,1423,1500
1383,1422,1500
1385,1421,1500
1387,1420,1500
1390,1419,1500
1395,1425,1500
1398,1424,1500
1400,1423,1500
1403,1422,1500
1405,1421,1500
1407,1420,1500
1410,1419,1500
1412,1418,1500
1415,1416,1500
1417,1415,1500
1420,1414,1500
1422,1413,1500
1425,1412,1500
1427,1411,1500
1430,1409,1500
1433,1408,1500
1435,1407,1500
1438,1406,1500
1440,1404,1500
1443,1403,1500
1446,1402,1500
1448,1400,1500
1454,1405,1500
1457,1404,1500
1460,1402,1500
1462,1401,1500
1465,1399,1500
1468,1398,1500
1465,1392,1500
1462,1393,1500
1459,1395,1500
1457,1396,1500
1454,1398,1500
1451,1399,1500
1451,1407,1500
1457,1411,1500
1463,1416,1500
1466,1414,1500
1468,1413,1500
1471,1411,1500
1474,1410,1500
1471,1404,1500
1468,1405,1500
1465,1407,1500
1463,1408,1500
1460,1410,1500
1460,1417,1500
1454,1413,1500
1452,1414,1500
1449,1416,1500
1447,1417,1500
1444,1418,1500
1441,1420,1500
1439,1421,1500
1436,1422,1500
1434,1424,1500
1431,1425,1500
1429,1426,1500
1426,1427,1500
1424,1428,1500
1421,1430,1500
1419,1431,1500
1416,1432,1500
1414,1433,1500
1412,1434,1500
1409,1435,1500
1407,1437,1500
1405,1438,1500
1399,1432,1500
1402,1439,1500
1396,1433,1500
1394,1434,1500
1392,1435,1500
1389,1436,1500
1387,1437,1500
1385,1438,1500
1383,1439,1500
1380,1440,1500
1378,1441,1500
1376,1442,1500
1374,1443,1500
1371,1444,1500
1369,1445,1500
1367,1446,1500
1365,1447,1500
1363,1448,1500
1360,1449,1500
1358,1450,1500
1356,1450,1500
1354,1451,1500
1352,1452,1500
1346,1446,1500
1344,1446,1500
1342,1447,1500
1339,1448,1500
1337,1449,1500
1335,1450,1500
1333,1451,1500
1331,1451,1500
1329,1452,1500
1327,1453,1500
1325,1454,1500
1323,1454,1500
1321,1455,1500
1319,1456,1500
1316,1457,1500
1314,1458,1500
1312,1458,1500
1310,1459,1500
1308,1460,1500
1306,1461,1500
1304,1461,1500
1302,1462,1500
1298,1454,1500
1296,1454,1500
1294,1455,1500
1292,1456,1500
1290,1456,1500
1288,1457,1500
1286,1458,1500
1284,1459,1500
1282,1459,1500
1280,1460,1500
1278,1460,1500
1276,1461,1500
1274,1462,1500
1273,1462,1500
1271,1463,1500
1269,1464,1500
1267,1464,1500
1265,1465,1500
1263,1466,1500
1261,1466,1500
1259,1467,1500
1257,1467,1500
1251,1459,1500
1249,1449,1500
1251,1449,1500
1253,1448,1500
1255,1447,1500
1256,1447,1500
1250,1438,1500
1248,1439,1500
1246,1439,1500
1245,1440,1500
1243,1440,1500
1241,1441,1500
1239,1441,1500
1237,1442,1500
1235,1442,1500
1233,1443,1500
1231,1443,1500
1229,1444,1500
1227,1444,1500
1225,1445,1500
1223,1445,1500
1222,1446,1500
1220,1446,1500
1218,1447,1500
1216,1447,1500
1214,1448,1500
1212,1448,1500
1210,1449,1500
1208,1449,1500
1206,1450,1500
1205,1450,1500
1207,1461,1500
1213,1470,1500
1215,1470,1500
1217,1469,1500
1219,1469,1500
1221,1468,1500
1223,1467,1500
1225,1467,1500
1226,1466,1500
1228,1466,1500
1230,1465,1500
1232,1465,1500
1234,1464,1500
1236,1464,1500
1238,1463,1500
1240,1462,1500
1241,1462,1500
1243,1461,1500
1245,1461,1500
1247,1460,1500
1249,1460,1500
1255,1468,1500
1253,1458,1500
1255,1458,1500
1257,1457,1500
1259,1457,1500
1261,1456,1500
1263,1455,1500
1207,1483,1500
1211,1493,1500
1210,1493,1500
1205,1484,1500
1207,1483,1500
1213,1492,1500
1215,1491,1500
1217,1491,1500
1219,1490,1500
1220,1490,1500
1222,1489,1500
1224,1488,1500
1226,1488,1500
1228,1487,1500
1230,1487,1500
1231,1486,1500
1238,1495,1500
1239,1494,1500
1241,1493,1500
1243,1493,1500
1245,1492,1500
1247,1491,1500
1249,1491,1500
1251,1490,1500
1252,1489,1500
1254,1489,1500
1256,1488,1500
1258,1488,1500
1260,1487,1500
1262,1486,1500
1264,1486,1500
1266,1485,1500
1267,1484,1500
1269,1484,1500
1271,1483,1500
1273,1482,1500
1275,1482,1500
1281,1489,1500
1287,1497,1500
1285,1488,1500
1287,1487,1500
1289,1486,1500
1291,1486,1500
1293,1485,1500
1294,1484,1500
1296,1483,1500
1298,1483,1500
1300,1482,1500
1302,1481,1500
1304,1480,1500
1306,1480,1500
1308,1479,1500
1310,1478,1500
1312,1477,1500
1314,1476,1500
1316,1476,1500
1318,1475,1500
1320,1474,1500
1322,1473,1500
1328,1480,1500
1334,1487,1500
1332,1478,1500
1334,1478,1500
1336,1477,1500
1338,1476,1500
1340,1475,1500
1342,1474,1500
1344,1473,1500
1346,1472,1500
1349,1471,1500
1351,1471,1500
1353,1470,1500
1355,1469,1500
1357,1468,1500
1359,1467,1500
1361,1466,1500
1363,1465,1500
1365,1464,1500
1368,1463,1500
1370,1462,1500
1372,1461,1500
1378,1467,1500
1383,1473,1500
1382,1465,1500
1384,1464,1500
1386,1463,1500
1389,1462,1500
1391,1461,1500
1393,1460,1500
1395,1459,1500
1398,1458,1500
1400,1457,1500
1402,1455,1500
1404,1454,1500
1407,1453,1500
1409,1452,1500
1411,1451,1500
1414,1450,1500
1416,1449,1500
1418,1447,1500
1421,1446,1500
1423,1445,1500
1426,1444,1500
1428,1442,1500
1434,1447,1500
1436,1446,1500
1438,1445,1500
1441,1444,1500
1443,1442,1500
1446,1441,1500
1448,1439,1500
1451,1438,1500
1453,1437,1500
1456,1435,1500
1459,1434,1500
1461,1432,1500
1464,1431,1500
1466,1429,1500
1469,1428,1500
1472,1426,1500
1474,1425,1500
1477,1423,1500
1480,1421,1500
1300,1472,1500
1298,1473,1500
1296,1474,1500
1294,1475,1500
1292,1475,1500
1290,1476,1500
1288,1477,1500
1287,1477,1500
1285,1478,1500
1283,1479,1500
1281,1479,1500
1283,1488,1500
1289,1496,1500
1295,1503,1500
1297,1502,1500
1299,1501,1500
1301,1501,1500
1303,1500,1500
1305,1499,1500
1306,1498,1500
1308,1497,1500
1310,1497,1500
1304,1490,1500
1302,1491,1500
1300,1491,1500
1299,1492,1500
1297,1493,1500
1295,1494,1500
1293,1494,1500
1291,1495,1500
1293,1504,1500
1291,1505,1500
1294,1513,1500
1298,1521,1500
1296,1522,1500
1294,1522,1500
1292,1523,1500
1290,1524,1500
1289,1525,1500
1287,1526,1500
1285,1526,1500
1283,1527,1500
1281,1528,1500
1284,1537,1500
1290,1544,1500
1292,1543,1500
1293,1542,1500
1295,1541,1500
1297,1540,1500
1299,1539,1500
1301,1539,1500
1302,1538,1500
1298,1530,1500
1304,1537,1500
1306,1536,1500
1308,1535,1500
1310,1534,1500
1312,1533,1500
1313,1533,1500
1315,1532,1500
1317,1531,1500
1319,1530,1500
1321,1529,1500
1323,1528,1500
1325,1527,1500
1327,1526,1500
1328,1526,1500
1326,1517,1500
1328,1517,1500
1330,1516,1500
1332,1515,1500
1334,1514,1500
1336,1513,1500
1338,1512,1500
1340,1511,1500
1342,1510,1500
1344,1509,1500
1346,1508,1500
1348,1507,1500
1350,1506,1500
1352,1505,1500
1354,1505,1500
1356,1504,1500
1358,1503,1500
1360,1502,1500
1362,1501,1500
1364,1500,1500
1366,1499,1500
1371,1504,1500
1374,1503,1500
1376,1502,1500
1378,1501,1500
1380,1500,1500
1382,1499,1500
1384,1498,1500
1386,1497,1500
1388,1496,1500
1390,1495,1500
1392,1494,1500
1394,1493,1500
1396,1492,1500
1399,1490,1500
1401,1489,1500
1403,1488,1500
1405,1487,1500
1407,1486,1500
1409,1485,1500
1412,1483,1500
1414,1482,1500
1416,1481,1500
1422,1486,1500
1424,1485,1500
1426,1484,1500
1428,1482,1500
1431,1481,1500
1433,1480,1500
1435,1478,1500
1438,1477,1500
1440,1476,1500
1442,1474,1500
1444,1473,1500
1447,1472,1500
1449,1470,1500
1452,1469,1500
1454,1467,1500
1456,1466,1500
1459,1464,1500
1461,1463,1500
1464,1461,1500
1466,1460,1500
1469,1458,1500
1471,1457,1500
1474,1455,1500
1479,1459,1500
1482,1458,1500
1485,1456,1500
1487,1454,1500
1490,1453,1500
1492,1451,1500
1495,1449,1500
1492,1444,1500
1489,1445,1500
1487,1447,1500
1484,1449,1500
1481,1450,1500
1479,1452,1500
1476,1454,1500
1477,1461,1500
1480,1466,1500
1486,1470,1500
1488,1469,1500
1491,1467,1500
1493,1465,1500
1496,1463,1500
1499,1462,1500
1501,1460,1500
1498,1454,1500
1495,1456,1500
1493,1458,1500
1490,1460,1500
1488,1461,1500
1485,1463,1500
1483,1465,1500
1483,1472,1500
1478,1468,1500
1475,1470,1500
1473,1471,1500
1470,1473,1500
1468,1474,1500
1465,1476,1500
1463,1477,1500
1461,1479,1500
1458,1480,1500
1456,1482,1500
1454,1483,1500
1451,1485,1500
1449,1486,1500
1447,1487,1500
1444,1489,1500
1442,1490,1500
1440,1492,1500
1438,1493,1500
1435,1494,1500
1433,1496,1500
1431,1497,1500
1425,1492,1500
1423,1493,1500
1429,1498,1500
1427,1491,1500
1430,1490,1500
1432,1488,1500
1434,1487,1500
1436,1486,1500
1439,1484,1500
1441,1483,1500
1443,1482,1500
1446,1480,1500
1448,1479,1500
1218,1501,1500
1220,1511,1500
1219,1512,1500
1214,1502,1500
1216,1502,1500
1222,1510,1500
1224,1510,1500
1226,1509,1500
1228,1508,1500
1229,1508,1500
1231,1507,1500
1233,1507,1500
1235,1506,1500
1237,1505,1500
1238,1505,1500
1240,1504,1500
1242,1503,1500
1248,1511,1500
1250,1511,1500
1252,1510,1500
1254,1509,1500
1256,1509,1500
1257,1508,1500
1259,1507,1500
1261,1507,1500
1263,1506,1500
1265,1505,1500
1267,1504,1500
1268,1504,1500
1270,1503,1500
1272,1502,1500
1274,1502,1500
1276,1501,1500
1278,1500,1500
1280,1499,1500
1281,1499,1500
1283,1498,1500
1400,1440,1500
1401,1448,1500
1399,1449,1500
1396,1450,1500
1394,1451,1500
1392,1452,1500
1390,1453,1500
1387,1454,1500
1385,1455,1500
1383,1456,1500
1381,1457,1500
1378,1458,1500
1380,1466,1500
1386,1472,1500
1391,1477,1500
1394,1476,1500
1396,1475,1500
1398,1474,1500
1400,1473,1500
1402,1472,1500
1405,1471,1500
1407,1470,1500
1409,1468,1500
1403,1463,1500
1401,1464,1500
1399,1465,1500
1397,1466,1500
1394,1468,1500
1392,1469,1500
1390,1470,1500
1388,1471,1500
1389,1478,1500
1387,1480,1500
1389,1487,1500
1386,1488,1500
1384,1489,1500
1382,1490,1500
1380,1492,1500
1378,1493,1500
1376,1494,1500
1374,1495,1500
1372,1496,1500
1370,1497,1500
1368,1498,1500
1369,1505,1500
1375,1511,1500
1381,1517,1500
1383,1516,1500
1385,1514,1500
1387,1513,1500
1389,1512,1500
1391,1511,1500
1393,1510,1500
1395,1509,1500
1392,1502,1500
1397,1508,1500
1399,1507,1500
1402,1505,1500
1404,1504,1500
1406,1503,1500
1408,1502,1500
1410,1501,1500
1412,1500,1500
1414,1498,1500
1416,1497,1500
1419,1496,1500
1421,1495,1500
1419,1487,1500
1418,1480,1500
1420,1479,1500
1423,1477,1500
1425,1476,1500
1427,1475,1500
1430,1474,1500
1432,1472,1500
1434,1471,1500
1436,1470,1500
1439,1468,1500
1441,1467,1500
1440,1460,1500
1443,1458,1500
1445,1457,1500
1447,1456,1500
1450,1454,1500
1452,1453,1500
1455,1451,1500
1457,1450,1500
1460,1448,1500
1462,1447,1500
1459,1441,1500
1465,1445,1500
1467,1444,1500
1470,1442,1500
1473,1441,1500
1475,1439,1500
1478,1438,1500
1480,1436,1500
1483,1434,1500
1486,1433,1500
1349,1462,1500
1347,1463,1500
1345,1464,1500
1343,1465,1500
1341,1466,1500
1339,1467,1500
1336,1467,1500
1334,1468,1500
1332,1469,1500
1330,1470,1500
1328,1471,1500
1330,1479,1500
1336,1486,1500
1342,1492,1500
1344,1491,1500
1346,1490,1500
1348,1489,1500
1350,1489,1500
1352,1488,1500
1354,1487,1500
1356,1486,1500
1358,1485,1500
1352,1479,1500
1350,1480,1500
1348,1480,1500
1346,1481,1500
1344,1482,1500
1342,1483,1500
1340,1484,1500
1338,1485,1500
1340,1493,1500
1338,1494,1500
1340,1502,1500
1338,1503,1500
1336,1504,1500
1334,1505,1500
1332,1506,1500
1330,1507,1500
1328,1507,1500
1326,1508,1500
1324,1509,1500
1322,1510,1500
1324,1518,1500
1330,1525,1500
1336,1531,1500
1334,1532,1500
1333,1533,1500
1331,1534,1500
1262,1496,1500
1260,1497,1500
1259,1497,1500
1257,1498,1500
1255,1499,1500
1253,1499,1500
1251,1500,1500
1249,1501,1500
1247,1501,1500
1246,1502,1500
1244,1503,1500
1246,1512,1500
1249,1521,1500
1253,1530,1500
1252,1530,1500
1250,1531,1500
1248,1532,1500
1246,1532,1500
1245,1533,1500
1243,1534,1500
1241,1534,1500
1239,1535,1500
1238,1536,1500
1236,1537,1500
1240,1545,1500
1247,1553,1500
1248,1552,1500
1250,1551,1500
1252,1550,1500
1254,1550,1500
1255,1549,1500
1257,1548,1500
1259,1547,1500
1254,1539,1500
1261,1547,1500
1262,1546,1500
1264,1545,1500
1266,1544,1500
1268,1544,1500
1269,1543,1500
1271,1542,1500
1273,1541,1500
1275,1541,1500
1277,1540,1500
1278,1539,1500
1280,1538,1500
1282,1537,1500
1279,1529,1500
1285,1536,1500
1288,1544,1500
1286,1545,1500
1289,1554,1500
1291,1562,1500
1293,1561,1500
1295,1560,1500
1297,1560,1500
1298,1559,1500
1300,1558,1500
1302,1557,1500
1304,1556,1500
1306,1555,1500
1307,1554,1500
1309,1553,1500
1311,1553,1500
1313,1552,1500
1315,1551,1500
1321,1557,1500
1322,1556,1500
1324,1555,1500
1326,1554,1500
1328,1553,1500
1330,1553,1500
1331,1552,1500
1333,1551,1500
1335,1550,1500
1337,1549,1500
1339,1548,1500
1341,1547,1500
1343,1546,1500
1344,1545,1500
1346,1544,1500
1348,1543,1500
1350,1542,1500
1352,1541,1500
1354,1540,1500
1356,1539,1500
1358,1538,1500
1359,1537,1500
1365,1543,1500
1367,1542,1500
1369,1540,1500
1371,1539,1500
1373,1538,1500
1375,1537,1500
1377,1536,1500
1379,1535,1500
1381,1534,1500
1383,1533,1500
1385,1532,1500
1387,1531,1500
1389,1530,1500
1391,1528,1500
1393,1527,1500
1395,1526,1500
1397,1525,1500
1399,1524,1500
1401,1523,1500
1403,1522,1500
1405,1520,1500
1407,1519,1500
1413,1524,1500
1415,1523,1500
1417,1522,1500
1419,1520,1500
1421,1519,1500
1423,1518,1500
1425,1517,1500
1427,1515,1500
1429,1514,1500
1431,1513,1500
1434,1511,1500
1436,1510,1500
1438,1509,1500
1440,1507,1500
1442,1506,1500
1444,1505,1500
1447,1503,1500
1449,1502,1500
1451,1500,1500
1453,1499,1500
1456,1498,1500
1458,1496,1500
1464,1500,1500
1466,1499,1500
1468,1497,1500
1471,1496,1500
1473,1494,1500
1475,1493,1500
1478,1491,1500
1480,1489,1500
1482,1488,1500
1485,1486,1500
1487,1484,1500
1490,1483,1500
1492,1481,1500
1495,1479,1500
1497,1478,1500
1500,1476,1500
1502,1474,1500
1505,1479,1500
1506,1486,1500
1503,1488,1500
1501,1490,1500
1499,1492,1500
1496,1493,1500
1494,1495,1500
1491,1497,1500
1489,1498,1500
1487,1500,1500
1484,1502,1500
1482,1503,1500
1479,1505,1500
1477,1507,1500
1475,1508,1500
1473,1510,1500
1470,1511,1500
1465,1507,1500
1462,1509,1500
1460,1510,1500
1458,1512,1500
1456,1513,1500
1454,1515,1500
1451,1516,1500
1449,1518,1500
1447,1519,1500
1445,1520,1500
1443,1522,1500
1441,1523,1500
1439,1525,1500
1436,1526,1500
1434,1527,1500
1432,1529,1500
1430,1530,1500
1428,1531,1500
1426,1532,1500
1424,1534,1500
1422,1535,1500
1420,1536,1500
1414,1531,1500
1412,1533,1500
1410,1534,1500
1408,1535,1500
1406,1536,1500
1404,1538,1500
1402,1539,1500
1400,1540,1500
1398,1541,1500
1396,1542,1500
1394,1543,1500
1392,1545,1500
1390,1546,1500
1388,1547,1500
1387,1548,1500
1385,1549,1500
1383,1550,1500
1381,1551,1500
1379,1552,1500
1377,1554,1500
1375,1555,1500
1373,1556,1500
1367,1550,1500
1366,1551,1500
1364,1552,1500
1362,1553,1500
1360,1554,1500
1358,1555,1500
1356,1557,1500
1354,1558,1500
1353,1559,1500
1351,1560,1500
1349,1561,1500
1347,1562,1500
1345,1563,1500
1343,1564,1500
1342,1565,1500
1340,1566,1500
1338,1567,1500
1336,1568,1500
1334,1568,1500
1333,1569,1500
1331,1570,1500
1329,1571,1500
1323,1565,1500
1321,1566,1500
1319,1567,1500
1318,1568,1500
1316,1569,1500
1314,1570,1500
1312,1571,1500
1311,1572,1500
1309,1573,1500
1307,1573,1500
1305,1574,1500
1304,1575,1500
1302,1576,1500
1300,1577,1500
1298,1578,1500
1297,1579,1500
1295,1580,1500
1293,1581,1500
1292,1581,1500
1290,1582,1500
1288,1583,1500
1286,1584,1500
1280,1577,1500
1277,1569,1500
1279,1568,1500
1281,1567,1500
1283,1566,1500
1284,1565,1500
1286,1565,1500
1288,1564,1500
1290,1563,1500
1285,1555,1500
1283,1556,1500
1282,1557,1500
1280,1558,1500
1278,1559,1500
1276,1559,1500
1275,1560,1500
1273,1561,1500
1271,1562,1500
1269,1563,1500
1268,1563,1500
1266,1564,1500
1264,1565,1500
1263,1566,1500
1261,1567,1500
1259,1567,1500
1257,1568,1500
1256,1569,1500
1254,1570,1500
1252,1570,1500
1251,1571,1500
1255,1579,1500
1260,1587,1500
1261,1586,1500
1263,1586,1500
1265,1585,1500
1267,1584,1500
1268,1583,1500
1270,1582,1500
1272,1581,1500
1273,1581,1500
1275,1580,1500
1277,1579,1500
1278,1578,1500
1276,1570,1500
1282,1576,1500
1284,1576,1500
1285,1575,1500
1287,1574,1500
1289,1573,1500
1291,1572,1500
1292,1571,1500
1294,1570,1500
1296,1570,1500
1297,1569,1500
1348,1516,1500
1350,1524,1500
1348,1525,1500
1346,1526,1500
1344,1527,1500
1342,1528,1500
1340,1529,1500
1338,1530,1500
1336,1522,1500
1338,1521,1500
1340,1520,1500
1342,1519,1500
1344,1518,1500
1346,1517,1500
1352,1523,1500
1353,1522,1500
1355,1521,1500
1357,1520,1500
1359,1519,1500
1361,1518,1500
1363,1517,1500
1365,1516,1500
1367,1515,1500
1369,1514,1500
1371,1513,1500
1373,1512,1500
1379,1518,1500
1377,1510,1500
1379,1509,1500
1381,1508,1500
1383,1507,1500
1385,1506,1500
1387,1505,1500
1390,1504,1500
1284,1595,1500
1289,1603,1500
1290,1602,1500
1292,1601,1500
1294,1600,1500
1295,1599,1500
1297,1598,1500
1299,1597,1500
1300,1596,1500
1302,1595,1500
1304,1595,1500
1308,1602,1500
1311,1610,1500
1309,1611,1500
1308,1612,1500
1306,1613,1500
1304,1614,1500
1303,1615,1500
1301,1616,1500
1299,1617,1500
1298,1618,1500
1296,1618,1500
1294,1619,1500
1293,1620,1500
1291,1621,1500
1290,1622,1500
1288,1623,1500
1286,1624,1500
1285,1625,1500
1278,1618,1500
1275,1610,1500
1277,1609,1500
1279,1608,1500
1280,1607,1500
1282,1606,1500
1284,1605,1500
1285,1604,1500
1287,1604,1500
1292,1611,1500
1290,1612,1500
1288,1613,1500
1287,1614,1500
1285,1615,1500
1283,1616,1500
1282,1616,1500
1280,1617,1500
1274,1611,1500
1271,1602,1500
1272,1601,1500
1274,1600,1500
1276,1599,1500
1277,1599,1500
1279,1598,1500
1281,1597,1500
1282,1596,1500
1284,1595,1500
1326,1582,1500
1331,1589,1500
1332,1588,1500
1334,1587,1500
1336,1586,1500
1338,1585,1500
1339,1584,1500
1341,1583,1500
1343,1582,1500
1345,1581,1500
1346,1580,1500
1351,1587,1500
1353,1595,1500
1351,1596,1500
1349,1597,1500
1348,1598,1500
1346,1599,1500
1344,1600,1500
1343,1601,1500
1341,1602,1500
1339,1603,1500
1337,1604,1500
1336,1605,1500
1334,1606,1500
1332,1607,1500
1331,1608,1500
1329,1609,1500
1327,1610,1500
1326,1611,1500
1319,1605,1500
1317,1597,1500
1318,1596,1500
1320,1595,1500
1322,1594,1500
1324,1593,1500
1325,1592,1500
1327,1591,1500
1329,1590,1500
1323,1584,1500
1324,1583,1500
1326,1582,1500
1370,1567,1500
1374,1573,1500
1372,1574,1500
1370,1575,1500
1368,1576,1500
1367,1578,1500
1365,1579,1500
1363,1580,1500
1361,1581,1500
1359,1582,1500
1362,1590,1500
1368,1595,1500
1374,1600,1500
1375,1599,1500
1377,1598,1500
1379,1597,1500
1381,1596,1500
1382,1595,1500
1384,1594,1500
1386,1592,1500
1388,1591,1500
1390,1590,1500
1391,1589,1500
1393,1588,1500
1395,1587,1500
1397,1585,1500
1399,1584,1500
1401,1583,1500
1402,1582,1500
1404,1580,1500
1406,1579,1500
1408,1578,1500
1406,1571,1500
1404,1563,1500
1406,1562,1500
1408,1561,1500
1410,1560,1500
1412,1558,1500
1414,1557,1500
1415,1556,1500
1417,1555,1500
1419,1553,1500
1421,1552,1500
1423,1551,1500
1425,1550,1500
1427,1548,1500
1429,1547,1500
1431,1546,1500
1433,1544,1500
1435,1543,1500
1437,1542,1500
1439,1540,1500
1445,1545,1500
1447,1552,1500
1448,1559,1500
1446,1560,1500
1444,1562,1500
1442,1563,1500
1440,1564,1500
1438,1566,1500
1437,1567,1500
1435,1568,1500
1433,1570,1500
1431,1571,1500
1429,1573,1500
1427,1574,1500
1425,1575,1500
1423,1576,1500
1421,1578,1500
1419,1579,1500
1417,1572,1500
1419,1570,1500
1421,1569,1500
1423,1568,1500
1425,1567,1500
1419,1562,1500
1421,1561,1500
1427,1565,1500
1429,1564,1500
1431,1563,1500
1433,1561,1500
1435,1560,1500
1437,1559,1500
1439,1557,1500
1441,1556,1500
1443,1555,1500
1445,1553,1500
1450,1557,1500
1452,1556,1500
1454,1555,1500
1456,1553,1500
1453,1547,1500
1451,1540,1500
1453,1539,1500
1456,1537,1500
1458,1536,1500
1460,1535,1500
1462,1533,1500
1464,1532,1500
1466,1530,1500
1468,1529,1500
1471,1527,1500
1473,1525,1500
1475,1524,1500
1477,1522,1500
1479,1521,1500
1482,1519,1500
1484,1517,1500
1486,1516,1500
1488,1514,1500
1491,1512,1500
1493,1511,1500
1495,1509,1500
1499,1514,1500
1500,1521,1500
1501,1528,1500
1499,1530,1500
1496,1532,1500
1494,1533,1500
1492,1535,1500
1490,1537,1500
1487,1538,1500
1485,1540,1500
1483,1542,1500
1481,1543,1500
1479,1545,1500
1477,1546,1500
1478,1553,1500
1480,1552,1500
1486,1556,1500
1484,1549,1500
1487,1547,1500
1489,1545,1500
1491,1544,1500
1493,1542,1500
1497,1547,1500
1494,1549,1500
1492,1551,1500
1490,1552,1500
1488,1554,1500
1482,1550,1500
1484,1557,1500
1485,1564,1500
1483,1566,1500
1481,1567,1500
1479,1569,1500
1477,1571,1500
1475,1572,1500
1473,1574,1500
1471,1575,1500
1465,1571,1500
1463,1573,1500
1461,1574,1500
1459,1576,1500
1454,1572,1500
1448,1567,1500
1446,1569,1500
1444,1570,1500
1446,1577,1500
1444,1579,1500
1442,1580,1500
1440,1581,1500
1438,1583,1500
1436,1584,1500
1435,1586,1500
1433,1587,1500
1431,1588,1500
1429,1581,1500
1431,1580,1500
1433,1578,1500
1435,1577,1500
1436,1576,1500
1438,1574,1500
1440,1573,1500
1442,1572,1500
1448,1576,1500
1450,1574,1500
1452,1573,1500
1457,1577,1500
1461,1583,1500
1463,1590,1500
1461,1591,1500
1459,1593,1500
1457,1594,1500
1455,1596,1500
1454,1597,1500
1452,1599,1500
1450,1600,1500
1448,1601,1500
1446,1603,1500
1444,1604,1500
1442,1606,1500
1441,1607,1500
1439,1608,1500
1437,1610,1500
1435,1611,1500
1433,1613,1500
1432,1614,1500
1430,1615,1500
1428,1617,1500
1426,1618,1500
1420,1613,1500
1419,1615,1500
1417,1616,1500
1415,1617,1500
1413,1618,1500
1412,1620,1500
1410,1621,1500
1408,1622,1500
1406,1624,1500
1405,1625,1500
1403,1626,1500
1401,1627,1500
1400,1629,1500
1398,1630,1500
1396,1631,1500
1395,1632,1500
1400,1637,1500
1403,1645,1500
1401,1646,1500
1400,1647,1500
1398,1648,1500
1396,1650,1500
1395,1651,1500
1393,1652,1500
1391,1653,1500
1390,1655,1500
1388,1656,1500
1387,1657,1500
1385,1658,1500
1383,1659,1500
1382,1661,1500
1380,1662,1500
1378,1663,1500
1377,1664,1500
1375,1665,1500
1374,1667,1500
1372,1668,1500
1375,1675,1500
1381,1681,1500
1383,1679,1500
1384,1678,1500
1386,1677,1500
1387,1676,1500
1389,1675,1500
1390,1673,1500
1392,1672,1500
1394,1671,1500
1395,1670,1500
1397,1668,1500
1398,1667,1500
1400,1666,1500
1402,1665,1500
1403,1663,1500
1405,1662,1500
1407,1661,1500
1408,1659,1500
1410,1658,1500
1411,1657,1500
1413,1656,1500
1415,1654,1500
1421,1659,1500
1422,1658,1500
1428,1662,1500
1424,1656,1500
1426,1655,1500
1427,1654,1500
1429,1652,1500
1431,1651,1500
1432,1650,1500
1434,1648,1500
1436,1647,1500
1437,1646,1500
1439,1644,1500
1441,1643,1500
1442,1641,1500
1440,1634,1500
1438,1627,1500
1434,1621,1500
1432,1622,1500
1436,1628,1500
1434,1630,1500
1433,1631,1500
1431,1632,1500
1429,1634,1500
1427,1635,1500
1426,1636,1500
1424,1638,1500
1422,1639,1500
1421,1640,1500
1419,1642,1500
1417,1643,1500
1416,1644,1500
1414,1646,1500
1412,1647,1500
1411,1648,1500
1405,1643,1500
1406,1642,1500
1408,1641,1500
1410,1640,1500
1411,1638,1500
1413,1637,1500
1411,1630,1500
1412,1628,1500
1414,1627,1500
1416,1626,1500
1422,1630,1500
1420,1632,1500
1418,1633,1500
1416,1634,1500
1415,1636,1500
1409,1631,1500
1407,1632,1500
1405,1633,1500
1404,1635,1500
1402,1636,1500
1368,1568,1500
1366,1569,1500
1368,1568,1500
1370,1567,1500
1376,1572,1500
1378,1571,1500
1379,1570,1500
1381,1569,1500
1383,1568,1500
1385,1566,1500
1387,1565,1500
1389,1564,1500
1391,1563,1500
1392,1562,1500
1396,1568,1500
1398,1576,1500
1397,1577,1500
1395,1578,1500
1393,1579,1500
1391,1580,1500
1389,1581,1500
1387,1583,1500
1386,1584,1500
1384,1585,1500
1382,1586,1500
1380,1587,1500
1378,1588,1500
1377,1589,1500
1375,1591,1500
1373,1592,1500
1371,1593,1500
1369,1594,1500
1372,1602,1500
1370,1603,1500
1368,1604,1500
1371,1611,1500
1377,1617,1500
1378,1616,1500
1380,1614,1500
1382,1613,1500
1384,1612,1500
1385,1611,1500
1387,1610,1500
1389,1609,1500
1391,1607,1500
1392,1606,1500
1394,1605,1500
1396,1604,1500
1398,1603,1500
1399,1601,1500
1397,1594,1500
1399,1593,1500
1401,1592,1500
1403,1590,1500
1404,1589,1500
1406,1588,1500
1408,1595,1500
1414,1600,1500
1416,1599,1500
1422,1603,1500
1424,1602,1500
1425,1601,1500
1427,1599,1500
1429,1598,1500
1427,1591,1500
1425,1584,1500
1427,1582,1500
1429,1590,1500
1423,1585,1500
1417,1580,1500
1415,1573,1500
1414,1574,1500
1408,1569,1500
1410,1568,1500
1412,1567,1500
1413,1566,1500
1415,1564,1500
1417,1563,1500
1450,1533,1500
1448,1535,1500
1449,1542,1500
1455,1546,1500
1459,1552,1500
1460,1559,1500
1462,1566,1500
1467,1570,1500
1469,1577,1500
1467,1578,1500
1465,1580,1500
1467,1587,1500
1471,1592,1500
1469,1594,1500
1465,1588,1500
1467,1595,1500
1465,1597,1500
1467,1604,1500
1472,1608,1500
1471,1609,1500
1465,1605,1500
1459,1601,1500
1457,1603,1500
1455,1604,1500
1454,1606,1500
1452,1607,1500
1450,1609,1500
1448,1610,1500
1446,1611,1500
1445,1613,1500
1443,1614,1500
1441,1616,1500
1439,1617,1500
1437,1618,1500
1436,1620,1500
1441,1624,1500
1443,1623,1500
1445,1621,1500
1447,1620,1500
1448,1619,1500
1454,1623,1500
1456,1630,1500
1462,1634,1500
1464,1633,1500
1469,1637,1500
1468,1638,1500
1466,1631,1500
1471,1635,1500
1473,1633,1500
1475,1632,1500
1477,1630,1500
1475,1623,1500
1476,1622,1500
1478,1620,1500
1480,1619,1500
1482,1617,1500
1484,1616,1500
1486,1614,1500
1484,1607,1500
1482,1600,1500
1476,1596,1500
1474,1589,1500
1476,1588,1500
1478,1586,1500
1480,1584,1500
1482,1583,1500
1484,1581,1500
1486,1580,1500
1488,1578,1500
1490,1576,1500
1492,1575,1500
1494,1573,1500
1496,1571,1500
1498,1570,1500
1501,1568,1500
1503,1566,1500
1505,1564,1500
1507,1563,1500
1509,1561,1500
1511,1559,1500
1517,1562,1500
1519,1561,1500
1521,1559,1500
1523,1557,1500
1526,1555,1500
1528,1553,1500
1530,1551,1500
1532,1549,1500
1535,1547,1500
1537,1545,1500
1539,1543,1500
1541,1541,1500
1544,1539,1500
1546,1537,1500
1549,1535,1500
1552,1540,1500
1549,1542,1500
1547,1544,1500
1545,1546,1500
1542,1548,1500
1540,1550,1500
1538,1552,1500
1536,1554,1500
1533,1556,1500
1531,1558,1500
1529,1560,1500
1527,1562,1500
1525,1564,1500
1530,1567,1500
1532,1565,1500
1535,1563,1500
1537,1561,1500
1539,1559,1500
1541,1557,1500
1543,1555,1500
1549,1558,1500
1550,1564,1500
1556,1567,1500
1558,1565,1500
1564,1567,1500
1561,1570,1500
1560,1563,1500
1566,1565,1500
1565,1558,1500
1563,1561,1500
1568,1563,1500
1572,1568,1500
1573,1574,1500
1578,1577,1500
1579,1584,1500
1576,1579,1500
1570,1577,1500
1569,1570,1500
1567,1572,1500
1565,1574,1500
1563,1576,1500
1560,1579,1500
1558,1581,1500
1556,1583,1500
1550,1580,1500
1548,1582,1500
1543,1579,1500
1541,1573,1500
1544,1571,1500
1546,1569,1500
1548,1566,1500
1554,1569,1500
1552,1562,1500
1551,1555,1500
1554,1553,1500
1553,1546,1500
1555,1544,1500
1558,1549,1500
1556,1551,1500
1550,1549,1500
1548,1551,1500
1546,1553,1500
1547,1560,1500
1520,1491,1500
1523,1496,1500
1520,1498,1500
1515,1495,1500
1512,1496,1500
1510,1498,1500
1511,1505,1500
1508,1507,1500
1506,1509,1500
1503,1511,1500
1507,1516,1500
1508,1523,1500
1505,1525,1500
1503,1526,1500
1497,1523,1500
1495,1525,1500
1493,1526,1500
1491,1528,1500
1488,1530,1500
1486,1531,1500
1484,1533,1500
1482,1535,1500
1480,1536,1500
1477,1538,1500
1475,1539,1500
1473,1541,1500
1475,1548,1500
1476,1555,1500
1474,1557,1500
1468,1553,1500
1467,1546,1500
1469,1544,1500
1471,1543,1500
1468,1537,1500
1465,1539,1500
1463,1540,1500
1465,1547,1500
1466,1554,1500
1472,1558,1500
1470,1551,1500
1472,1550,1500
1352,1605,1500
1358,1610,1500
1360,1609,1500
1361,1608,1500
1367,1614,1500
1369,1613,1500
1367,1605,1500
1373,1610,1500
1374,1609,1500
1376,1608,1500
1378,1607,1500
1380,1606,1500
1381,1605,1500
1383,1603,1500
1385,1602,1500
1387,1601,1500
1388,1600,1500
1390,1599,1500
1392,1598,1500
1394,1596,1500
1395,1595,1500
1401,1600,1500
1403,1599,1500
1405,1598,1500
1407,1596,1500
1412,1601,1500
1418,1606,1500
1422,1612,1500
1424,1619,1500
1423,1621,1500
1350,1606,1500
1356,1611,1500
1355,1613,1500
1353,1614,1500
1351,1615,1500
1350,1616,1500
1348,1617,1500
1346,1618,1500
1344,1619,1500
1343,1620,1500
1341,1621,1500
1339,1622,1500
1338,1623,1500
1336,1624,1500
1334,1625,1500
1333,1626,1500
1331,1627,1500
1329,1628,1500
1328,1629,1500
1326,1630,1500
1320,1624,1500
1318,1625,1500
1317,1626,1500
1315,1627,1500
1318,1635,1500
1324,1641,1500
1326,1640,1500
1327,1639,1500
1329,1638,1500
1325,1631,1500
1323,1632,1500
1321,1633,1500
1320,1634,1500
1313,1628,1500
1316,1636,1500
1323,1642,1500
1321,1643,1500
1319,1644,1500
1322,1653,1500
1321,1654,1500
1319,1655,1500
1318,1656,1500
1316,1657,1500
1314,1658,1500
1313,1659,1500
1311,1660,1500
1310,1661,1500
1308,1662,1500
1306,1663,1500
1302,1656,1500
1303,1655,1500
1305,1654,1500
1306,1653,1500
1308,1652,1500
1310,1651,1500
1311,1650,1500
1313,1649,1500
1314,1648,1500
1316,1647,1500
1318,1645,1500
1324,1652,1500
1365,1606,1500
1363,1607,1500
1366,1615,1500
1368,1622,1500
1373,1629,1500
1371,1630,1500
1365,1625,1500
1363,1626,1500
1362,1627,1500
1360,1628,1500
1363,1636,1500
1361,1637,1500
1359,1638,1500
1353,1632,1500
1352,1634,1500
1358,1639,1500
1356,1640,1500
1354,1641,1500
1353,1642,1500
1351,1644,1500
1349,1645,1500
1348,1646,1500
1346,1647,1500
1345,1648,1500
1343,1649,1500
1341,1650,1500
1335,1644,1500
1334,1645,1500
1332,1646,1500
1330,1647,1500
1333,1655,1500
1336,1663,1500
1339,1671,1500
1345,1677,1500
1347,1676,1500
1349,1675,1500
1350,1674,1500
1352,1673,1500
1353,1671,1500
1355,1670,1500
1356,1669,1500
1358,1668,1500
1360,1667,1500
1361,1666,1500
1363,1665,1500
1364,1663,1500
1366,1662,1500
1368,1661,1500
1369,1660,1500
1371,1659,1500
1372,1658,1500
1374,1657,1500
1376,1655,1500
1377,1654,1500
1379,1653,1500
1381,1652,1500
1375,1647,1500
1373,1648,1500
1371,1649,1500
1370,1650,1500
1368,1651,1500
1366,1652,1500
1365,1653,1500
1363,1655,1500
1362,1656,1500
1360,1657,1500
1358,1658,1500
1357,1659,1500
1355,1660,1500
1354,1661,1500
1352,1663,1500
1350,1664,1500
1344,1658,1500
1340,1651,1500
1337,1643,1500
1338,1642,1500
1340,1641,1500
1342,1640,1500
1343,1639,1500
1345,1638,1500
1347,1637,1500
1348,1636,1500
1350,1635,1500
1364,1616,1500
1367,1624,1500
1364,1616,1500
1370,1621,1500
1374,1628,1500
1376,1627,1500
1382,1632,1500
1384,1631,1500
1385,1630,1500
1387,1628,1500
1389,1627,1500
1390,1626,1500
1392,1625,1500
1394,1624,1500
1395,1622,1500
1397,1621,1500
1399,1620,1500
1401,1619,1500
1402,1617,1500
1404,1616,1500
1402,1609,1500
1404,1608,1500
1405,1606,1500
1411,1611,1500
1413,1610,1500
1411,1603,1500
1416,1607,1500
1415,1609,1500
1409,1604,1500
1407,1605,1500
1313,1669,1500
1311,1670,1500
1316,1677,1500
1322,1683,1500
1324,1682,1500
1325,1681,1500
1327,1680,1500
1328,1679,1500
1335,1685,1500
1336,1684,1500
1338,1683,1500
1339,1682,1500
1341,1680,1500
1342,1679,1500
1344,1678,1500
1338,1672,1500
1336,1674,1500
1335,1675,1500
1333,1676,1500
1331,1677,1500
1330,1678,1500
1333,1686,1500
1336,1694,1500
1335,1695,1500
1333,1696,1500
1332,1697,1500
1330,1698,1500
1335,1705,1500
1341,1711,1500
1348,1717,1500
1349,1716,1500
1351,1715,1500
1352,1713,1500
1354,1712,1500
1350,1704,1500
1344,1699,1500
1343,1700,1500
1338,1693,1500
1341,1701,1500
1340,1702,1500
1343,1710,1500
1346,1718,1500
1340,1712,1500
1345,1719,1500
1463,1581,1500
1469,1585,1500
1472,1591,1500
1478,1595,1500
1480,1593,1500
1482,1591,1500
1484,1590,1500
1486,1588,1500
1488,1587,1500
1490,1585,1500
1492,1583,1500
1494,1582,1500
1496,1580,1500
1498,1578,1500
1500,1577,1500
1502,1575,1500
1504,1573,1500
1510,1577,1500
1512,1575,1500
1517,1578,1500
1519,1576,1500
1522,1574,1500
1524,1572,1500
1526,1571,1500
1528,1569,1500
1534,1572,1500
1536,1570,1500
1539,1575,1500
1537,1577,1500
1531,1574,1500
1535,1579,1500
1533,1580,1500
1531,1582,1500
1529,1584,1500
1526,1586,1500
1524,1588,1500
1522,1590,1500
1520,1592,1500
1518,1594,1500
1516,1595,1500
1514,1597,1500
1516,1604,1500
1514,1606,1500
1508,1602,1500
1506,1604,1500
1501,1601,1500
1499,1602,1500
1497,1604,1500
1495,1606,1500
1493,1607,1500
1491,1609,1500
1486,1605,1500
1484,1598,1500
1486,1597,1500
1488,1595,1500
1490,1594,1500
1492,1592,1500
1494,1590,1500
1499,1594,1500
1501,1592,1500
1503,1590,1500
1502,1583,1500
1504,1582,1500
1506,1580,1500
1508,1578,1500
1513,1582,1500
1515,1580,1500
1514,1573,1500
1513,1566,1500
1515,1564,1500
1461,1600,1500
1463,1607,1500
1461,1608,1500
1459,1610,1500
1457,1611,1500
1456,1613,1500
1458,1620,1500
1456,1621,1500
1454,1614,1500
1452,1616,1500
1450,1617,1500
1452,1624,1500
1455,1631,1500
1453,1633,1500
1451,1634,1500
1449,1636,1500
1448,1637,1500
1442,1633,1500
1440,1626,1500
1444,1631,1500
1446,1639,1500
1444,1640,1500
1450,1644,1500
1448,1646,1500
1446,1647,1500
1445,1649,1500
1443,1650,1500
1441,1651,1500
1440,1653,1500
1438,1654,1500
1436,1656,1500
1435,1657,1500
1433,1658,1500
1431,1660,1500
1430,1661,1500
1436,1666,1500
1438,1673,1500
1444,1677,1500
1446,1676,1500
1447,1674,1500
1449,1673,1500
1450,1672,1500
1452,1670,1500
1458,1674,1500
1460,1673,1500
1454,1669,1500
1451,1661,1500
1453,1660,1500
1455,1659,1500
1452,1651,1500
1454,1650,1500
1456,1648,1500
1457,1647,1500
1459,1646,1500
1465,1650,1500
1466,1648,1500
1468,1647,1500
1470,1645,1500
1472,1644,1500
1473,1642,1500
1479,1646,1500
1485,1650,1500
1487,1648,1500
1488,1647,1500
1490,1645,1500
1492,1643,1500
1494,1642,1500
1499,1645,1500
1495,1640,1500
1493,1633,1500
1495,1632,1500
1497,1630,1500
1495,1623,1500
1493,1616,1500
1489,1611,1500
1487,1612,1500
1491,1618,1500
1489,1619,1500
1487,1621,1500
1486,1622,1500
1484,1624,1500
1482,1626,1500
1480,1627,1500
1478,1629,1500
1484,1633,1500
1486,1631,1500
1488,1629,1500
1489,1628,1500
1491,1626,1500
1493,1625,1500
1499,1628,1500
1497,1621,1500
1499,1620,1500
1501,1618,1500
1502,1616,1500
1508,1620,1500
1510,1618,1500
1512,1616,1500
1514,1614,1500
1512,1608,1500
1510,1601,1500
1512,1599,1500
1518,1602,1500
1520,1600,1500
1522,1599,1500
1524,1597,1500
1526,1595,1500
1528,1593,1500
1530,1591,1500
1532,1589,1500
1534,1587,1500
1536,1585,1500
1538,1583,1500
1540,1581,1500
1546,1584,1500
1544,1586,1500
1542,1588,1500
1543,1595,1500
1541,1597,1500
1539,1599,1500
1541,1606,1500
1544,1611,1500
1550,1614,1500
1548,1607,1500
1546,1609,1500
1552,1612,1500
1550,1605,1500
1554,1610,1500
1552,1603,1500
1554,1601,1500
1556,1599,1500
1559,1597,1500
1561,1594,1500
1563,1592,1500
1565,1590,1500
1567,1588,1500
1569,1586,1500
1572,1584,1500
1574,1581,1500
1577,1586,1500
1575,1588,1500
1573,1590,1500
1571,1593,1500
1568,1595,1500
1566,1597,1500
1564,1599,1500
1562,1601,1500
1560,1603,1500
1558,1605,1500
1556,1608,1500
1561,1610,1500
1563,1608,1500
1566,1606,1500
1568,1604,1500
1570,1602,1500
1572,1599,1500
1574,1597,1500
1580,1600,1500
1582,1597,1500
1584,1595,1500
1583,1588,1500
1585,1586,1500
1588,1590,1500
1586,1593,1500
1581,1590,1500
1578,1593,1500
1576,1595,1500
1378,1683,1500
1381,1691,1500
1387,1696,1500
1385,1697,1500
1379,1692,1500
1378,1693,1500
1372,1688,1500
1370,1689,1500
1369,1690,1500
1367,1691,1500
1366,1693,1500
1364,1694,1500
1362,1695,1500
1361,1696,1500
1359,1697,1500
1358,1699,1500
1356,1700,1500
1355,1701,1500
1353,1702,1500
1352,1703,1500
1358,1709,1500
1360,1708,1500
1361,1706,1500
1363,1705,1500
1364,1704,1500
1366,1703,1500
1372,1708,1500
1375,1716,1500
1381,1721,1500
1383,1720,1500
1389,1725,1500
1387,1727,1500
1384,1719,1500
1390,1724,1500
1386,1718,1500
1387,1716,1500
1388,1715,1500
1390,1714,1500
1391,1713,1500
1393,1711,1500
1395,1710,1500
1396,1709,1500
1398,1708,1500
1399,1706,1500
1401,1705,1500
1398,1697,1500
1395,1690,1500
1389,1685,1500
1390,1683,1500
1392,1682,1500
1393,1681,1500
1395,1680,1500
1396,1678,1500
1398,1677,1500
1400,1676,1500
1401,1675,1500
1403,1673,1500
1404,1672,1500
1406,1671,1500
1408,1670,1500
1409,1668,1500
1411,1667,1500
1417,1672,1500
1418,1670,1500
1424,1675,1500
1426,1674,1500
1427,1672,1500
1429,1671,1500
1426,1664,1500
1432,1668,1500
1434,1667,1500
1437,1674,1500
1431,1670,1500
1435,1676,1500
1441,1680,1500
1447,1685,1500
1442,1679,1500
1445,1686,1500
1439,1681,1500
1438,1683,1500
1436,1684,1500
1434,1686,1500
1433,1687,1500
1431,1688,1500
1430,1690,1500
1428,1691,1500
1427,1693,1500
1425,1694,1500
1428,1701,1500
1426,1703,1500
1420,1698,1500
1419,1699,1500
1413,1695,1500
1414,1693,1500
1412,1686,1500
1413,1684,1500
1415,1683,1500
1412,1676,1500
1414,1674,1500
1415,1673,1500
1421,1678,1500
1423,1676,1500
1420,1669,1500
1422,1668,1500
1387,1686,1500
1393,1691,1500
1387,1686,1500
1392,1692,1500
1390,1694,1500
1388,1695,1500
1395,1700,1500
1396,1699,1500
1402,1704,1500
1399,1696,1500
1405,1701,1500
1407,1700,1500
1408,1698,1500
1410,1697,1500
1411,1696,1500
1417,1701,1500
1420,1708,1500
1426,1713,1500
1425,1714,1500
1419,1709,1500
1417,1711,1500
1416,1712,1500
1414,1713,1500
1408,1709,1500
1404,1702,1500
1407,1710,1500
1405,1711,1500
1404,1713,1500
1402,1714,1500
1401,1715,1500
1399,1716,1500
1398,1718,1500
1396,1719,1500
1395,1720,1500
1393,1722,1500
1392,1723,1500
1398,1728,1500
1399,1727,1500
1401,1725,1500
1402,1724,1500
1404,1723,1500
1405,1721,1500
1411,1726,1500
1413,1725,1500
1414,1724,1500
1416,1722,1500
1413,1715,1500
1411,1716,1500
1410,1717,1500
1408,1719,1500
1407,1720,1500
1358,1719,1500
1365,1725,1500
1363,1726,1500
1362,1727,1500
1360,1728,1500
1359,1729,1500
1357,1731,1500
1356,1732,1500
1354,1733,1500
1361,1739,1500
1362,1737,1500
1363,1736,1500
1365,1735,1500
1366,1734,1500
1368,1733,1500
1369,1731,1500
1371,1730,1500
1377,1735,1500
1378,1734,1500
1380,1733,1500
1386,1738,1500
1388,1737,1500
1389,1736,1500
1390,1734,1500
1392,1733,1500
1393,1732,1500
1395,1731,1500
1396,1729,1500
1399,1737,1500
1406,1742,1500
1407,1741,1500
1408,1739,1500
1410,1738,1500
1411,1737,1500
1417,1742,1500
1414,1734,1500
1419,1740,1500
1425,1745,1500
1422,1737,1500
1423,1736,1500
1426,1744,1500
1420,1739,1500
1424,1746,1500
1427,1754,1500
1425,1755,1500
1419,1750,1500
1418,1752,1500
1416,1753,1500
1415,1755,1500
1418,1762,1500
1417,1764,1500
1415,1765,1500
1412,1757,1500
1407,1751,1500
1404,1743,1500
1398,1738,1500
1403,1745,1500
1401,1746,1500
1400,1747,1500
1398,1749,1500
1397,1750,1500
1396,1751,1500
1394,1752,1500
1393,1754,1500
1391,1755,1500
1390,1756,1500
1388,1758,1500
1387,1759,1500
1386,1760,1500
1389,1768,1500
1383,1763,1500
1378,1756,1500
1375,1748,1500
1376,1747,1500
1377,1746,1500
1374,1738,1500
1376,1737,1500
1382,1742,1500
1383,1741,1500
1385,1739,1500
1381,1732,1500
1383,1730,1500
1510,1609,1500
1516,1613,1500
1518,1611,1500
1523,1614,1500
1529,1617,1500
1531,1615,1500
1533,1614,1500
1535,1612,1500
1537,1610,1500
1539,1608,1500
1542,1613,1500
1544,1620,1500
1549,1622,1500
1547,1624,1500
1542,1621,1500
1540,1623,1500
1538,1625,1500
1536,1627,1500
1531,1624,1500
1527,1619,1500
1521,1616,1500
1520,1609,1500
1522,1607,1500
1523,1605,1500
1525,1604,1500
1527,1602,1500
1529,1600,1500
1532,1598,1500
1534,1596,1500
1536,1594,1500
1538,1592,1500
1540,1590,1500
1545,1593,1500
1547,1591,1500
1550,1589,1500
1552,1587,1500
1554,1585,1500
1553,1578,1500
1555,1576,1500
1479,1637,1500
1477,1639,1500
1479,1637,1500
1481,1644,1500
1475,1641,1500
1477,1648,1500
1483,1651,1500
1487,1657,1500
1481,1653,1500
1480,1655,1500
1478,1656,1500
1476,1658,1500
1474,1659,1500
1473,1661,1500
1471,1662,1500
1469,1664,1500
1468,1665,1500
1466,1667,1500
1464,1668,1500
1463,1670,1500
1461,1671,1500
1464,1679,1500
1465,1677,1500
1467,1676,1500
1469,1674,1500
1470,1672,1500
1472,1671,1500
1473,1669,1500
1475,1668,1500
1477,1666,1500
1479,1665,1500
1480,1663,1500
1482,1662,1500
1484,1660,1500
1485,1658,1500
1491,1662,1500
1493,1669,1500
1492,1671,1500
1490,1672,1500
1488,1665,1500
1489,1664,1500
1495,1668,1500
1493,1661,1500
1494,1659,1500
1496,1657,1500
1498,1656,1500
1503,1659,1500
1505,1658,1500
1507,1656,1500
1505,1649,1500
1501,1644,1500
1503,1642,1500
1507,1647,1500
1505,1640,1500
1508,1646,1500
1506,1639,1500
1508,1637,1500
1510,1635,1500
1512,1633,1500
1514,1632,1500
1516,1630,1500
1517,1628,1500
1519,1626,1500
1521,1625,1500
1523,1623,1500
1525,1621,1500
1529,1626,1500
1527,1628,1500
1525,1630,1500
1523,1631,1500
1521,1633,1500
1519,1635,1500
1517,1637,1500
1516,1639,1500
1514,1640,1500
1512,1642,1500
1510,1644,1500
1516,1647,1500
1518,1646,1500
1519,1644,1500
1521,1642,1500
1523,1640,1500
1525,1638,1500
1527,1637,1500
1532,1640,1500
1534,1638,1500
1536,1636,1500
1534,1629,1500
1532,1631,1500
1530,1633,1500
1529,1635,1500
1530,1642,1500
1534,1647,1500
1540,1650,1500
1542,1648,1500
1543,1646,1500
1545,1644,1500
1547,1642,1500
1549,1640,1500
1551,1638,1500
1553,1636,1500
1555,1634,1500
1557,1632,1500
1559,1630,1500
1561,1628,1500
1566,1631,1500
1564,1624,1500
1566,1622,1500
1568,1620,1500
1571,1617,1500
1573,1615,1500
1575,1613,1500
1580,1616,1500
1582,1622,1500
1587,1625,1500
1589,1622,1500
1588,1616,1500
1586,1609,1500
1589,1606,1500
1591,1604,1500
1593,1602,1500
1595,1599,1500
1599,1604,1500
1596,1606,1500
1594,1609,1500
1600,1611,1500
1602,1608,1500
1423,1695,1500
1422,1697,1500
1425,1704,1500
1431,1709,1500
1435,1715,1500
1441,1719,1500
1443,1718,1500
1444,1716,1500
1446,1715,1500
1447,1714,1500
1449,1712,1500
1454,1716,1500
1452,1709,1500
1449,1702,1500
1450,1700,1500
1452,1699,1500
1454,1698,1500
1451,1690,1500
1452,1689,1500
1454,1687,1500
1456,1686,1500
1457,1684,1500
1463,1689,1500
1465,1687,1500
1466,1686,1500
1468,1684,1500
1474,1688,1500
1479,1692,1500
1481,1691,1500
1483,1689,1500
1484,1688,1500
1486,1686,1500
1487,1684,1500
1493,1688,1500
1496,1695,1500
1501,1699,1500
1503,1697,1500
1500,1690,1500
1498,1683,1500
1500,1682,1500
1502,1689,1500
1504,1687,1500
1501,1680,1500
1507,1684,1500
1505,1677,1500
1506,1675,1500
1508,1673,1500
1510,1672,1500
1511,1670,1500
1513,1668,1500
1515,1666,1500
1516,1665,1500
1514,1658,1500
1520,1661,1500
1522,1659,1500
1523,1658,1500
1525,1656,1500
1527,1654,1500
1529,1652,1500
1534,1655,1500
1536,1662,1500
1542,1665,1500
1544,1663,1500
1542,1657,1500
1544,1655,1500
1549,1658,1500
1547,1651,1500
1549,1649,1500
1551,1647,1500
1553,1645,1500
1555,1643,1500
1556,1641,1500
1558,1639,1500
1560,1637,1500
1562,1635,1500
1564,1633,1500
1562,1626,1500
1559,1621,1500
1557,1614,1500
1559,1612,1500
1561,1619,1500
1555,1616,1500
1553,1618,1500
1551,1620,1500
1557,1623,1500
1555,1625,1500
1553,1627,1500
1423,1705,1500
1429,1710,1500
1428,1711,1500
1434,1716,1500
1440,1721,1500
1444,1727,1500
1438,1722,1500
1437,1724,1500
1435,1725,1500
1434,1726,1500
1432,1728,1500
1431,1729,1500
1429,1731,1500
1428,1732,1500
1426,1733,1500
1425,1735,1500
1431,1739,1500
1432,1738,1500
1434,1737,1500
1435,1735,1500
1437,1734,1500
1438,1732,1500
1440,1731,1500
1441,1730,1500
1442,1728,1500
1448,1733,1500
1451,1740,1500
1453,1738,1500
1454,1737,1500
1451,1730,1500
1453,1728,1500
1454,1727,1500
1456,1725,1500
1462,1730,1500
1463,1728,1500
1465,1727,1500
1462,1719,1500
1459,1712,1500
1461,1711,1500
1463,1718,1500
1465,1716,1500
1462,1709,1500
1468,1713,1500
1465,1706,1500
1467,1705,1500
1468,1703,1500
1470,1702,1500
1471,1700,1500
1473,1698,1500
1475,1697,1500
1476,1695,1500
1482,1699,1500
1478,1694,1500
1480,1701,1500
1479,1702,1500
1477,1704,1500
1476,1706,1500
1474,1707,1500
1473,1709,1500
1471,1710,1500
1469,1712,1500
1475,1716,1500
1477,1714,1500
1478,1713,1500
1480,1711,1500
1481,1710,1500
1483,1708,1500
1489,1712,1500
1490,1710,1500
1492,1709,1500
1489,1702,1500
1491,1700,1500
1492,1698,1500
1494,1697,1500
1500,1701,1500
1498,1702,1500
1497,1704,1500
1495,1706,1500
1493,1707,1500
1488,1703,1500
1486,1705,1500
1485,1706,1500
1487,1714,1500
1491,1719,1500
1497,1723,1500
1499,1721,1500
1500,1720,1500
1502,1718,1500
1503,1716,1500
1505,1715,1500
1506,1713,1500
1508,1711,1500
1510,1710,1500
1511,1708,1500
1513,1706,1500
1514,1705,1500
1516,1703,1500
1517,1701,1500
1519,1699,1500
1521,1698,1500
1522,1696,1500
1524,1694,1500
1530,1697,1500
1532,1704,1500
1538,1708,1500
1539,1706,1500
1537,1699,1500
1542,1702,1500
1540,1695,1500
1538,1688,1500
1536,1690,1500
1542,1693,1500
1539,1687,1500
1541,1685,1500
1543,1683,1500
1544,1681,1500
1546,1679,1500
1548,1677,1500
1550,1675,1500
1551,1673,1500
1553,1671,1500
1555,1669,1500
1557,1667,1500
1558,1665,1500
1560,1663,1500
1562,1661,1500
1564,1659,1500
1566,1657,1500
1571,1660,1500
1577,1663,1500
1581,1667,1500
1579,1669,1500
1577,1672,1500
1575,1674,1500
1570,1671,1500
1568,1673,1500
1570,1680,1500
1568,1682,1500
1566,1684,1500
1564,1677,1500
1566,1675,1500
1572,1678,1500
1573,1676,1500
1571,1669,1500
1573,1667,1500
1569,1662,1500
1379,1755,1500
1384,1762,1500
1390,1767,1500
1392,1766,1500
1393,1764,1500
1395,1763,1500
1396,1762,1500
1398,1760,1500
1399,1759,1500
1400,1758,1500
1402,1756,1500
1403,1755,1500
1405,1754,1500
1406,1752,1500
1411,1759,1500
1409,1760,1500
1408,1761,1500
1407,1763,1500
1405,1764,1500
1404,1765,1500
1402,1767,1500
1401,1768,1500
1400,1769,1500
1398,1771,1500
1397,1772,1500
1395,1773,1500
1394,1775,1500
1393,1776,1500
1391,1777,1500
1390,1779,1500
1384,1773,1500
1388,1780,1500
1385,1772,1500
1381,1764,1500
1375,1759,1500
1374,1760,1500
1503,1651,1500
1509,1654,1500
1510,1652,1500
1512,1651,1500
1514,1649,1500
1516,1656,1500
1518,1663,1500
1522,1668,1500
1520,1670,1500
1519,1672,1500
1517,1673,1500
1515,1675,1500
1514,1677,1500
1512,1678,1500
1510,1680,1500
1509,1682,1500
1514,1685,1500
1516,1684,1500
1518,1682,1500
1519,1680,1500
1521,1678,1500
1523,1677,1500
1528,1680,1500
1530,1678,1500
1532,1676,1500
1529,1670,1500
1531,1668,1500
1533,1666,1500
1535,1664,1500
1540,1667,1500
1538,1669,1500
1537,1671,1500
1535,1673,1500
1533,1675,1500
1528,1671,1500
1526,1673,1500
1524,1675,1500
1527,1682,1500
1530,1687,1500
1534,1692,1500
1538,1697,1500
1544,1700,1500
1546,1698,1500
1543,1692,1500
1545,1690,1500
1547,1688,1500
1548,1686,1500
1550,1684,1500
1552,1682,1500
1554,1680,1500
1555,1678,1500
1557,1676,1500
1563,1679,1500
1561,1681,1500
1559,1683,1500
1557,1685,1500
1556,1687,1500
1554,1689,1500
1552,1691,1500
1551,1693,1500
1549,1695,1500
1547,1697,1500
1429,1741,1500
1428,1742,1500
1429,1741,1500
1435,1745,1500
1437,1744,1500
1438,1743,1500
1440,1741,1500
1441,1740,1500
1443,1738,1500
1444,1737,1500
1446,1735,1500
1447,1734,1500
1450,1741,1500
1455,1747,1500
1460,1752,1500
1462,1750,1500
1463,1749,1500
1465,1747,1500
1466,1746,1500
1468,1744,1500
1469,1743,1500
1471,1741,1500
1472,1740,1500
1473,1738,1500
1475,1736,1500
1476,1735,1500
1478,1733,1500
1479,1732,1500
1481,1730,1500
1482,1729,1500
1484,1727,1500
1485,1726,1500
1491,1729,1500
1494,1737,1500
1500,1740,1500
1501,1739,1500
1498,1732,1500
1504,1736,1500
1501,1728,1500
1503,1727,1500
1504,1725,1500
1506,1723,1500
1507,1722,1500
1509,1720,1500
1511,1718,1500
1512,1717,1500
1514,1715,1500
1515,1713,1500
1517,1712,1500
1522,1715,1500
1528,1719,1500
1527,1720,1500
1524,1713,1500
1530,1717,1500
1527,1710,1500
1529,1708,1500
1534,1711,1500
1536,1710,1500
1530,1706,1500
1533,1713,1500
1531,1715,1500
1526,1712,1500
1520,1708,1500
1518,1710,1500
1521,1717,1500
1519,1719,1500
1518,1720,1500
1516,1722,1500
1515,1724,1500
1513,1725,1500
1512,1727,1500
1510,1729,1500
1509,1731,1500
1507,1732,1500
1506,1734,1500
1500,1730,1500
1503,1737,1500
1507,1743,1500
1513,1746,1500
1514,1745,1500
1516,1743,1500
1517,1741,1500
1519,1740,1500
1520,1738,1500
1526,1741,1500
1529,1748,1500
1527,1750,1500
1530,1757,1500
1529,1759,1500
1527,1761,1500
1524,1754,1500
1526,1752,1500
1531,1755,1500
1533,1754,1500
1534,1752,1500
1536,1750,1500
1537,1748,1500
1539,1747,1500
1540,1745,1500
1538,1738,1500
1535,1731,1500
1536,1729,1500
1538,1727,1500
1539,1725,1500
1541,1723,1500
1543,1722,1500
1544,1720,1500
1546,1718,1500
1551,1721,1500
1549,1714,1500
1550,1712,1500
1552,1710,1500
1554,1708,1500
1555,1707,1500
1557,1705,1500
1559,1703,1500
1564,1706,1500
1566,1712,1500
1565,1714,1500
1567,1721,1500
1566,1723,1500
1564,1725,1500
1562,1718,1500
1563,1716,1500
1569,1719,1500
1570,1717,1500
1572,1715,1500
1574,1713,1500
1575,1711,1500
1577,1709,1500
1579,1707,1500
1576,1700,1500
1574,1694,1500
1576,1691,1500
1577,1689,1500
1583,1692,1500
1581,1685,1500
1583,1683,1500
1584,1681,1500
1586,1679,1500
1592,1681,1500
1590,1674,1500
1592,1672,1500
1593,1670,1500
1595,1668,1500
1597,1666,1500
1599,1663,1500
1601,1661,1500
1606,1663,1500
1608,1670,1500
1606,1672,1500
1608,1679,1500
1606,1682,1500
1605,1675,1500
1603,1677,1500
1601,1679,1500
1599,1681,1500
1597,1684,1500
1596,1686,1500
1590,1683,1500
1588,1677,1500
1594,1679,1500
1531,1650,1500
1536,1653,1500
1540,1658,1500
1546,1661,1500
1547,1660,1500
1545,1653,1500
1551,1656,1500
1553,1654,1500
1555,1652,1500
1556,1650,1500
1558,1648,1500
1560,1646,1500
1562,1644,1500
1564,1642,1500
1566,1640,1500
1571,1642,1500
1573,1640,1500
1575,1638,1500
1574,1631,1500
1576,1629,1500
1578,1627,1500
1580,1625,1500
1585,1627,1500
1583,1629,1500
1581,1631,1500
1579,1634,1500
1577,1636,1500
1572,1633,1500
1570,1635,1500
1568,1637,1500
1569,1644,1500
1573,1649,1500
1579,1652,1500
1581,1649,1500
1582,1647,1500
1584,1645,1500
1586,1643,1500
1588,1641,1500
1590,1638,1500
1592,1636,1500
1594,1634,1500
1596,1631,1500
1598,1629,1500
1600,1627,1500
1602,1624,1500
1605,1622,1500
1607,1620,1500
1609,1617,1500
1434,1747,1500
1432,1748,1500
1434,1747,1500
1437,1754,1500
1442,1760,1500
1443,1759,1500
1445,1758,1500
1446,1756,1500
1447,1755,1500
1449,1753,1500
1455,1758,1500
1458,1765,1500
1464,1769,1500
1465,1768,1500
1462,1761,1500
1464,1759,1500
1465,1758,1500
1466,1756,1500
1468,1755,1500
1469,1753,1500
1471,1751,1500
1472,1750,1500
1474,1748,1500
1475,1747,1500
1476,1745,1500
1478,1744,1500
1479,1742,1500
1485,1746,1500
1490,1752,1500
1491,1750,1500
1492,1749,1500
1490,1741,1500
1491,1740,1500
1497,1744,1500
1498,1742,1500
1492,1738,1500
1495,1745,1500
1494,1747,1500
1488,1743,1500
1487,1745,1500
1481,1741,1500
1484,1748,1500
1482,1749,1500
1481,1751,1500
1479,1753,1500
1478,1754,1500
1477,1756,1500
1475,1757,1500
1474,1759,1500
1472,1760,1500
1471,1762,1500
1470,1763,1500
1468,1765,1500
1467,1766,1500
1471,1772,1500
1477,1777,1500
1479,1775,1500
1480,1773,1500
1481,1772,1500
1483,1770,1500
1484,1769,1500
1490,1773,1500
1493,1780,1500
1492,1782,1500
1495,1789,1500
1494,1791,1500
1492,1792,1500
1489,1785,1500
1490,1783,1500
1496,1787,1500
1498,1786,1500
1499,1784,1500
1500,1782,1500
1502,1781,1500
1503,1779,1500
1505,1777,1500
1501,1770,1500
1498,1763,1500
1500,1761,1500
1501,1760,1500
1503,1758,1500
1504,1756,1500
1506,1755,1500
1507,1753,1500
1508,1751,1500
1510,1750,1500
1511,1748,1500
1514,1755,1500
1513,1757,1500
1511,1759,1500
1510,1760,1500
1509,1762,1500
1507,1764,1500
1506,1765,1500
1504,1767,1500
1503,1769,1500
1509,1772,1500
1510,1771,1500
1512,1769,1500
1513,1767,1500
1514,1766,1500
1516,1764,1500
1517,1762,1500
1519,1761,1500
1520,1759,1500
1521,1757,1500
1523,1755,1500
1517,1752,1500
1516,1753,1500
1431,1750,1500
1430,1751,1500
1428,1753,1500
1434,1757,1500
1440,1762,1500
1439,1763,1500
1437,1765,1500
1436,1766,1500
1435,1768,1500
1433,1769,1500
1432,1770,1500
1431,1772,1500
1429,1773,1500
1428,1775,1500
1426,1776,1500
1425,1778,1500
1428,1785,1500
1427,1787,1500
1431,1794,1500
1429,1796,1500
1428,1797,1500
1422,1792,1500
1420,1794,1500
1419,1795,1500
1423,1803,1500
1421,1804,1500
1420,1806,1500
1419,1807,1500
1415,1799,1500
1409,1794,1500
1405,1786,1500
1406,1785,1500
1408,1784,1500
1409,1782,1500
1411,1781,1500
1412,1780,1500
1413,1778,1500
1420,1783,1500
1423,1791,1500
1427,1799,1500
1425,1800,1500
1424,1801,1500
1418,1796,1500
1416,1798,1500
1410,1793,1500
1404,1788,1500
1402,1789,1500
1401,1790,1500
1400,1792,1500
1398,1793,1500
1405,1798,1500
1406,1797,1500
1407,1796,1500
1414,1801,1500
1412,1802,1500
1411,1803,1500
1410,1805,1500
1403,1800,1500
1408,1806,1500
1414,1766,1500
1417,1774,1500
1414,1766,1500
1419,1773,1500
1424,1779,1500
1430,1784,1500
1431,1782,1500
1433,1781,1500
1434,1779,1500
1435,1778,1500
1437,1777,1500
1438,1775,1500
1439,1774,1500
1441,1772,1500
1442,1771,1500
1444,1769,1500
1450,1774,1500
1454,1780,1500
1456,1778,1500
1457,1777,1500
1454,1770,1500
1455,1768,1500
1457,1767,1500
1463,1771,1500
1461,1772,1500
1460,1774,1500
1458,1776,1500
1452,1771,1500
1451,1773,1500
1445,1768,1500
1448,1775,1500
1453,1781,1500
1447,1777,1500
1445,1778,1500
1444,1780,1500
1443,1781,1500
1441,1783,1500
1440,1784,1500
1439,1786,1500
1437,1787,1500
1436,1789,1500
1435,1790,1500
1433,1791,1500
1432,1793,1500
1437,1799,1500
1443,1804,1500
1444,1802,1500
1446,1801,1500
1447,1799,1500
1448,1798,1500
1450,1796,1500
1451,1795,1500
1456,1801,1500
1459,1809,1500
1458,1810,1500
1461,1818,1500
1460,1819,1500
1459,1821,1500
1455,1813,1500
1457,1812,1500
1463,1816,1500
1464,1815,1500
1465,1813,1500
1467,1812,1500
1468,1810,1500
1469,1808,1500
1471,1807,1500
1467,1799,1500
1464,1792,1500
1465,1790,1500
1466,1789,1500
1468,1787,1500
1469,1786,1500
1470,1784,1500
1472,1783,1500
1473,1781,1500
1474,1780,1500
1480,1784,1500
1476,1778,1500
1479,1785,1500
1478,1787,1500
1476,1789,1500
1475,1790,1500
1474,1792,1500
1472,1793,1500
1471,1795,1500
1470,1796,1500
1468,1798,1500
1462,1793,1500
1466,1801,1500
1472,1805,1500
1473,1804,1500
1474,1802,1500
1476,1801,1500
1477,1799,1500
1478,1798,1500
1480,1796,1500
1481,1794,1500
1482,1793,1500
1484,1791,1500
1485,1790,1500
1486,1788,1500
1488,1786,1500
1482,1782,1500
1438,1798,1500
1442,1805,1500
1446,1811,1500
1440,1807,1500
1439,1808,1500
1438,1810,1500
1436,1811,1500
1435,1813,1500
1434,1814,1500
1432,1815,1500
1431,1817,1500
1430,1818,1500
1429,1820,1500
1435,1825,1500
1436,1823,1500
1437,1822,1500
1439,1820,1500
1440,1819,1500
1441,1817,1500
1443,1816,1500
1444,1814,1500
1445,1813,1500
1451,1818,1500
1453,1816,1500
1454,1815,1500
1458,1822,1500
1462,1828,1500
1469,1833,1500
1470,1831,1500
1471,1830,1500
1472,1828,1500
1474,1827,1500
1475,1825,1500
1476,1823,1500
1482,1828,1500
1479,1820,1500
1480,1819,1500
1481,1817,1500
1483,1816,1500
1484,1814,1500
1485,1812,1500
1487,1811,1500
1493,1815,1500
1496,1822,1500
1495,1824,1500
1498,1831,1500
1504,1836,1500
1506,1834,1500
1507,1832,1500
1508,1831,1500
1505,1823,1500
1506,1822,1500
1509,1829,1500
1503,1825,1500
1502,1827,1500
1501,1828,1500
1500,1830,1500
1503,1837,1500
1507,1845,1500
1508,1843,1500
1509,1841,1500
1510,1840,1500
1512,1838,1500
1513,1836,1500
1514,1835,1500
1515,1833,1500
1517,1831,1500
1518,1830,1500
1519,1828,1500
1520,1826,1500
1522,1824,1500
1528,1828,1500
1531,1836,1500
1536,1841,1500
1539,1848,1500
1538,1850,1500
1537,1852,1500
1541,1859,1500
1539,1861,1500
1538,1863,1500
1535,1856,1500
1536,1854,1500
1542,1858,1500
1543,1856,1500
1577,1654,1500
1582,1656,1500
1584,1654,1500
1586,1652,1500
1588,1650,1500
1590,1647,1500
1592,1645,1500
1594,1643,1500
1596,1641,1500
1598,1638,1500
1600,1636,1500
1602,1634,1500
1607,1636,1500
1613,1638,1500
1615,1635,1500
1614,1628,1500
1616,1626,1500
1619,1630,1500
1617,1633,1500
1612,1631,1500
1609,1633,1500
1611,1640,1500
1605,1638,1500
1603,1640,1500
1601,1643,1500
1599,1645,1500
1597,1647,1500
1596,1650,1500
1594,1652,1500
1592,1654,1500
1590,1656,1500
1588,1659,1500
1586,1661,1500
1584,1663,1500
1582,1665,1500
1579,1660,1500
1580,1658,1500
1577,1654,1500
1423,1826,1500
1430,1830,1500
1435,1837,1500
1433,1838,1500
1440,1843,1500
1446,1848,1500
1447,1846,1500
1449,1845,1500
1450,1843,1500
1451,1842,1500
1452,1840,1500
1454,1839,1500
1460,1844,1500
1464,1851,1500
1462,1853,1500
1466,1861,1500
1465,1862,1500
1461,1854,1500
1467,1859,1500
1469,1857,1500
1470,1856,1500
1476,1860,1500
1480,1868,1500
1479,1870,1500
1478,1871,1500
1476,1873,1500
1475,1874,1500
1479,1882,1500
1478,1884,1500
1484,1888,1500
1486,1887,1500
1487,1885,1500
1488,1883,1500
1489,1882,1500
1490,1880,1500
1491,1879,1500
1493,1877,1500
1494,1875,1500
1495,1874,1500
1496,1872,1500
1497,1870,1500
1503,1875,1500
1507,1882,1500
1506,1884,1500
1505,1886,1500
1504,1887,1500
1503,1889,1500
1502,1891,1500
1500,1892,1500
1499,1894,1500
1498,1896,1500
1497,1897,1500
1502,1903,1500
1509,1908,1500
1510,1906,1500
1511,1904,1500
1517,1909,1500
1521,1916,1500
1520,1918,1500
1519,1920,1500
1518,1921,1500
1517,1923,1500
1516,1925,1500
1515,1926,1500
1514,1928,1500
1513,1930,1500
1512,1932,1500
1517,1938,1500
1523,1942,1500
1524,1940,1500
1525,1938,1500
1527,1937,1500
1528,1935,1500
1529,1933,1500
1530,1932,1500
1531,1930,1500
1532,1928,1500
1533,1926,1500
1534,1925,1500
1535,1923,1500
1536,1921,1500
1537,1919,1500
1538,1917,1500
1539,1916,1500
1545,1920,1500
1547,1918,1500
1548,1916,1500
1549,1914,1500
1550,1913,1500
1551,1911,1500
1552,1909,1500
1553,1907,1500
1554,1905,1500
1555,1904,1500
1556,1902,1500
1557,1900,1500
1558,1898,1500
1559,1896,1500
1561,1894,1500
1562,1893,1500
1563,1891,1500
1564,1889,1500
1565,1887,1500
1566,1885,1500
1567,1883,1500
1568,1881,1500
1574,1885,1500
1575,1883,1500
1577,1881,1500
1578,1879,1500
1579,1877,1500
1580,1875,1500
1574,1872,1500
1570,1865,1500
1572,1863,1500
1573,1861,1500
1574,1859,1500
1575,1857,1500
1576,1855,1500
1577,1853,1500
1579,1851,1500
1580,1850,1500
1581,1848,1500
1582,1846,1500
1474,1814,1500
1478,1822,1500
1481,1829,1500
1480,1831,1500
1479,1833,1500
1477,1834,1500
1476,1836,1500
1475,1837,1500
1474,1839,1500
1472,1840,1500
1478,1845,1500
1480,1843,1500
1481,1842,1500
1482,1840,1500
1483,1839,1500
1485,1837,1500
1486,1835,1500
1487,1834,1500
1488,1832,1500
1490,1831,1500
1491,1829,1500
1497,1833,1500
1493,1826,1500
1492,1827,1500
1496,1835,1500
1501,1841,1500
1505,1846,1500
1509,1854,1500
1515,1858,1500
1516,1856,1500
1518,1855,1500
1519,1853,1500
1520,1851,1500
1521,1849,1500
1522,1848,1500
1524,1846,1500
1525,1844,1500
1526,1843,1500
1527,1841,1500
1529,1839,1500
1535,1843,1500
1541,1847,1500
1542,1845,1500
1543,1843,1500
1544,1841,1500
1545,1840,1500
1542,1832,1500
1541,1834,1500
1539,1836,1500
1538,1838,1500
1537,1839,1500
1532,1834,1500
1529,1827,1500
1523,1823,1500
1461,1830,1500
1467,1834,1500
1471,1842,1500
1477,1846,1500
1476,1848,1500
1475,1850,1500
1474,1851,1500
1472,1853,1500
1471,1854,1500
1477,1859,1500
1481,1867,1500
1482,1865,1500
1484,1863,1500
1485,1862,1500
1486,1860,1500
1487,1858,1500
1488,1857,1500
1490,1855,1500
1496,1860,1500
1500,1867,1500
1505,1873,1500
1510,1879,1500
1511,1877,1500
1512,1876,1500
1513,1874,1500
1514,1872,1500
1511,1865,1500
1509,1866,1500
1508,1868,1500
1507,1870,1500
1506,1871,1500
1501,1865,1500
1497,1858,1500
1491,1854,1500
1526,1763,1500
1530,1768,1500
1536,1771,1500
1537,1770,1500
1539,1768,1500
1544,1771,1500
1542,1764,1500
1543,1762,1500
1544,1761,1500
1546,1759,1500
1547,1757,1500
1549,1755,1500
1550,1753,1500
1552,1751,1500
1553,1749,1500
1555,1748,1500
1556,1746,1500
1562,1749,1500
1564,1756,1500
1567,1763,1500
1570,1770,1500
1569,1772,1500
1567,1774,1500
1566,1776,1500
1564,1777,1500
1563,1779,1500
1562,1781,1500
1560,1783,1500
1559,1785,1500
1558,1787,1500
1556,1789,1500
1555,1791,1500
1553,1792,1500
1552,1794,1500
1551,1796,1500
1549,1798,1500
1548,1800,1500
1542,1796,1500
1541,1798,1500
1540,1800,1500
1538,1802,1500
1537,1803,1500
1531,1800,1500
1530,1802,1500
1527,1794,1500
1528,1793,1500
1534,1796,1500
1535,1795,1500
1537,1793,1500
1538,1791,1500
1539,1789,1500
1541,1787,1500
1542,1786,1500
1539,1778,1500
1540,1777,1500
1542,1775,1500
1543,1773,1500
1549,1776,1500
1546,1769,1500
1547,1768,1500
1549,1766,1500
1554,1769,1500
1556,1767,1500
1557,1765,1500
1559,1763,1500
1564,1767,1500
1566,1765,1500
1571,1768,1500
1573,1766,1500
1574,1764,1500
1576,1762,1500
1573,1755,1500
1577,1760,1500
1574,1753,1500
1576,1751,1500
1577,1749,1500
1575,1742,1500
1572,1735,1500
1574,1733,1500
1575,1731,1500
1577,1729,1500
1578,1727,1500
1580,1725,1500
1586,1728,1500
1583,1721,1500
1585,1719,1500
1586,1717,1500
1588,1715,1500
1590,1713,1500
1591,1710,1500
1593,1708,1500
1595,1706,1500
1599,1711,1500
1601,1718,1500
1603,1724,1500
1605,1731,1500
1604,1734,1500
1602,1736,1500
1601,1738,1500
1599,1740,1500
1598,1742,1500
1596,1744,1500
1595,1746,1500
1593,1748,1500
1592,1751,1500
1596,1755,1500
1601,1758,1500
1603,1756,1500
1604,1754,1500
1610,1756,1500
1613,1763,1500
1611,1765,1500
1610,1768,1500
1608,1770,1500
1607,1772,1500
1605,1774,1500
1604,1776,1500
1602,1778,1500
1601,1780,1500
1600,1782,1500
1598,1784,1500
1597,1787,1500
1596,1789,1500
1594,1791,1500
1597,1798,1500
1596,1800,1500
1595,1802,1500
1593,1804,1500
1592,1806,1500
1591,1808,1500
1589,1810,1500
1595,1813,1500
1601,1816,1500
1606,1819,1500
1608,1817,1500
1609,1814,1500
1610,1812,1500
1612,1810,1500
1613,1808,1500
1614,1806,1500
1616,1804,1500
1605,1684,1500
1607,1691,1500
1605,1684,1500
1608,1688,1500
1614,1691,1500
1616,1688,1500
1621,1690,1500
1623,1688,1500
1625,1686,1500
1627,1683,1500
1625,1676,1500
1627,1674,1500
1629,1671,1500
1631,1669,1500
1632,1666,1500
1634,1664,1500
1636,1661,1500
1642,1663,1500
1644,1670,1500
1645,1677,1500
1647,1684,1500
1645,1686,1500
1643,1689,1500
1641,1691,1500
1640,1694,1500
1638,1696,1500
1636,1699,1500
1634,1701,1500
1633,1704,1500
1631,1706,1500
1635,1710,1500
1640,1712,1500
1642,1710,1500
1644,1707,1500
1649,1709,1500
1651,1716,1500
1650,1719,1500
1648,1721,1500
1646,1724,1500
1645,1726,1500
1643,1729,1500
1641,1731,1500
1640,1733,1500
1638,1736,1500
1636,1738,1500
1635,1741,1500
1633,1743,1500
1632,1745,1500
1630,1748,1500
1629,1750,1500
1631,1757,1500
1637,1759,1500
1638,1757,1500
1640,1754,1500
1637,1747,1500
1639,1745,1500
1640,1743,1500
1642,1740,1500
1644,1738,1500
1645,1735,1500
1651,1737,1500
1652,1735,1500
1654,1732,1500
1656,1730,1500
1657,1727,1500
1659,1725,1500
1661,1722,1500
1662,1720,1500
1664,1717,1500
1666,1714,1500
1668,1712,1500
1669,1709,1500
1671,1706,1500
1669,1699,1500
1671,1697,1500
1673,1694,1500
1677,1698,1500
1680,1702,1500
1679,1705,1500
1677,1708,1500
1675,1710,1500
1673,1703,1500
1667,1702,1500
1666,1705,1500
1582,1723,1500
1584,1730,1500
1582,1723,1500
1587,1726,1500
1593,1728,1500
1594,1726,1500
1596,1724,1500
1601,1727,1500
1607,1729,1500
1609,1727,1500
1610,1725,1500
1612,1722,1500
1613,1720,1500
1615,1718,1500
1611,1713,1500
1613,1711,1500
1615,1709,1500
1616,1707,1500
1614,1700,1500
1616,1697,1500
1618,1695,1500
1619,1693,1500
1617,1686,1500
1619,1683,1500
1621,1681,1500
1623,1679,1500
1629,1681,1500
1634,1683,1500
1636,1680,1500
1638,1678,1500
1643,1679,1500
1649,1681,1500
1651,1678,1500
1653,1676,1500
1655,1673,1500
1651,1669,1500
1649,1671,1500
1647,1674,1500
1642,1672,1500
1640,1675,1500
1564,1801,1500
1567,1808,1500
1573,1811,1500
1574,1809,1500
1575,1808,1500
1576,1806,1500
1578,1804,1500
1575,1797,1500
1573,1799,1500
1572,1800,1500
1571,1802,1500
1569,1804,1500
1564,1801,1500
1562,1803,1500
1561,1805,1500
1560,1807,1500
1558,1809,1500
1557,1810,1500
1556,1812,1500
1555,1814,1500
1553,1816,1500
1552,1818,1500
1551,1820,1500
1549,1821,1500
1548,1823,1500
1547,1825,1500
1546,1827,1500
1544,1829,1500
1543,1830,1500
1547,1838,1500
1533,1857,1500
1532,1859,1500
1533,1857,1500
1537,1865,1500
1531,1861,1500
1530,1863,1500
1529,1864,1500
1527,1866,1500
1532,1872,1500
1538,1876,1500
1540,1874,1500
1541,1872,1500
1542,1870,1500
1546,1878,1500
1550,1885,1500
1548,1887,1500
1547,1889,1500
1546,1890,1500
1545,1892,1500
1544,1894,1500
1543,1896,1500
1542,1898,1500
1541,1899,1500
1540,1901,1500
1538,1903,1500
1537,1905,1500
1536,1906,1500
1535,1908,1500
1534,1910,1500
1540,1914,1500
1544,1922,1500
1543,1923,1500
1548,1931,1500
1554,1935,1500
1553,1937,1500
1552,1938,1500
1551,1940,1500
1550,1942,1500
1549,1944,1500
1548,1946,1500
1547,1947,1500
1546,1949,1500
1539,1945,1500
1538,1947,1500
1537,1949,1500
1536,1950,1500
1535,1952,1500
1534,1954,1500
1533,1956,1500
1529,1948,1500
1522,1944,1500
1518,1936,1500
1519,1934,1500
1520,1932,1500
1593,1793,1500
1599,1796,1500
1603,1800,1500
1602,1803,1500
1600,1805,1500
1599,1807,1500
1602,1814,1500
1605,1821,1500
1604,1823,1500
1603,1825,1500
1601,1827,1500
1600,1829,1500
1599,1831,1500
1598,1833,1500
1596,1835,1500
1595,1837,1500
1594,1839,1500
1597,1846,1500
1599,1844,1500
1604,1847,1500
1606,1845,1500
1607,1843,1500
1608,1841,1500
1609,1839,1500
1603,1836,1500
1605,1834,1500
1610,1837,1500
1606,1832,1500
1612,1835,1500
1608,1828,1500
1607,1830,1500
1613,1833,1500
1614,1831,1500
1615,1828,1500
1617,1826,1500
1618,1824,1500
1619,1822,1500
1620,1820,1500
1622,1818,1500
1623,1816,1500
1624,1813,1500
1626,1811,1500
1627,1809,1500
1628,1807,1500
1630,1805,1500
1627,1798,1500
1628,1796,1500
1629,1793,1500
1631,1791,1500
1632,1789,1500
1633,1787,1500
1631,1780,1500
1632,1777,1500
1633,1775,1500
1635,1773,1500
1640,1775,1500
1642,1773,1500
1643,1770,1500
1645,1768,1500
1646,1766,1500
1648,1763,1500
1649,1761,1500
1651,1758,1500
1647,1754,1500
1641,1752,1500
1636,1750,1500
1634,1752,1500
1633,1754,1500
1635,1761,1500
1630,1759,1500
1628,1761,1500
1627,1764,1500
1625,1766,1500
1624,1768,1500
1622,1770,1500
1621,1773,1500
1619,1775,1500
1625,1777,1500
1629,1782,1500
1635,1784,1500
1636,1782,1500
1638,1780,1500
1639,1777,1500
1643,1782,1500
1642,1784,1500
1645,1791,1500
1643,1794,1500
1642,1796,1500
1641,1798,1500
1639,1800,1500
1638,1803,1500
1637,1805,1500
1640,1812,1500
1644,1817,1500
1645,1814,1500
1647,1812,1500
1648,1810,1500
1649,1807,1500
1650,1805,1500
1652,1803,1500
1653,1800,1500
1654,1798,1500
1656,1796,1500
1657,1793,1500
1659,1791,1500
1660,1788,1500
1661,1786,1500
1663,1784,1500
1660,1777,1500
1657,1770,1500
1659,1767,1500
1660,1765,1500
1662,1762,1500
1663,1760,1500
1665,1757,1500
1663,1750,1500
1664,1748,1500
1662,1741,1500
1663,1738,1500
1665,1736,1500
1667,1733,1500
1668,1731,1500
1674,1732,1500
1676,1730,1500
1677,1727,1500
1679,1724,1500
1681,1721,1500
1683,1719,1500
1684,1716,1500
1686,1713,1500
1688,1710,1500
1673,1713,1500
1675,1720,1500
1673,1723,1500
1672,1725,1500
1670,1728,1500
1672,1735,1500
1671,1738,1500
1669,1740,1500
1667,1743,1500
1666,1745,1500
1660,1744,1500
1659,1746,1500
1661,1753,1500
1667,1755,1500
1672,1756,1500
1674,1754,1500
1675,1751,1500
1677,1749,1500
1678,1746,1500
1673,1744,1500
1675,1742,1500
1680,1743,1500
1676,1739,1500
1682,1741,1500
1679,1734,1500
1681,1731,1500
1687,1732,1500
1688,1730,1500
1690,1727,1500
1692,1724,1500
1694,1721,1500
1695,1718,1500
1699,1722,1500
1697,1725,1500
1696,1728,1500
1694,1731,1500
1692,1734,1500
1691,1737,1500
1685,1735,1500
1683,1738,1500
1678,1736,1500
1625,1800,1500
1631,1802,1500
1632,1800,1500
1634,1798,1500
1635,1796,1500
1636,1793,1500
1638,1791,1500
1639,1789,1500
1640,1787,1500
1646,1789,1500
1647,1787,1500
1649,1784,1500
1650,1782,1500
1652,1779,1500
1653,1777,1500
1655,1775,1500
1656,1772,1500
1662,1774,1500
1663,1772,1500
1665,1769,1500
1666,1767,1500
1672,1769,1500
1673,1766,1500
1679,1768,1500
1680,1765,1500
1682,1762,1500
1683,1760,1500
1685,1757,1500
1686,1754,1500
1688,1752,1500
1690,1749,1500
1691,1746,1500
1689,1739,1500
1695,1741,1500
1696,1738,1500
1698,1735,1500
1700,1732,1500
1701,1729,1500
1703,1726,1500
1600,1842,1500
1603,1849,1500
1607,1856,1500
1613,1859,1500
1614,1857,1500
1615,1855,1500
1616,1853,1500
1617,1851,1500
1618,1849,1500
1620,1847,1500
1621,1845,1500
1622,1843,1500
1623,1840,1500
1629,1843,1500
1630,1841,1500
1631,1839,1500
1637,1841,1500
1642,1846,1500
1640,1848,1500
1639,1851,1500
1643,1858,1500
1649,1860,1500
1650,1858,1500
1651,1856,1500
1652,1854,1500
1653,1851,1500
1654,1849,1500
1649,1847,1500
1643,1844,1500
1644,1842,1500
1645,1840,1500
1640,1837,1500
1638,1839,1500
1633,1837,1500
1629,1830,1500
1631,1827,1500
1632,1825,1500
1629,1818,1500
1630,1816,1500
1631,1814,1500
1637,1816,1500
1638,1814,1500
1643,1819,1500
1646,1826,1500
1645,1828,1500
1643,1830,1500
1647,1837,1500
1650,1844,1500
1656,1847,1500
1659,1854,1500
1665,1856,1500
1666,1854,1500
1667,1851,1500
1668,1849,1500
1669,1847,1500
1675,1849,1500
1676,1847,1500
1678,1844,1500
1679,1842,1500
1680,1839,1500
1683,1846,1500
1687,1853,1500
1686,1856,1500
1684,1858,1500
1679,1856,1500
1677,1858,1500
1676,1861,1500
1675,1863,1500
1674,1865,1500
1668,1863,1500
1664,1858,1500
1658,1856,1500
1657,1858,1500
1655,1861,1500
1654,1863,1500
1653,1865,1500
1652,1867,1500
1651,1870,1500
1650,1872,1500
1649,1874,1500
1652,1881,1500
1651,1883,1500
1650,1886,1500
1649,1888,1500
1648,1890,1500
1647,1892,1500
1646,1894,1500
1650,1901,1500
1656,1904,1500
1657,1902,1500
1658,1900,1500
1659,1898,1500
1660,1895,1500
1654,1893,1500
1653,1895,1500
1652,1897,1500
1651,1899,1500
1645,1896,1500
1649,1904,1500
1655,1906,1500
1661,1909,1500
1662,1907,1500
1663,1905,1500
1664,1902,1500
1665,1900,1500
1671,1903,1500
1672,1900,1500
1673,1898,1500
1674,1896,1500
1675,1894,1500
1681,1896,1500
1682,1894,1500
1683,1891,1500
1684,1889,1500
1685,1887,1500
1686,1884,1500
1690,1891,1500
1694,1898,1500
1693,1901,1500
1692,1903,1500
1691,1905,1500
1685,1903,1500
1686,1901,1500
1687,1898,1500
1688,1896,1500
1689,1894,1500
1695,1896,1500
1696,1893,1500
1697,1891,1500
1691,1889,1500
1687,1882,1500
1683,1875,1500
1685,1872,1500
1686,1870,1500
1687,1868,1500
1688,1865,1500
1689,1863,1500
1690,1860,1500
1691,1858,1500
1688,1851,1500
1689,1848,1500
1690,1846,1500
1684,1844,1500
1681,1837,1500
1675,1835,1500
1674,1837,1500
1673,1840,1500
1672,1842,1500
1671,1844,1500
1674,1851,1500
1680,1854,1500
1681,1851,1500
1682,1849,1500
1573,1887,1500
1578,1892,1500
1584,1896,1500
1585,1894,1500
1586,1892,1500
1588,1890,1500
1589,1888,1500
1590,1886,1500
1591,1884,1500
1592,1882,1500
1593,1880,1500
1599,1884,1500
1600,1882,1500
1601,1880,1500
1602,1878,1500
1603,1876,1500
1605,1874,1500
1606,1872,1500
1609,1879,1500
1613,1886,1500
1612,1888,1500
1611,1890,1500
1610,1892,1500
1614,1899,1500
1620,1902,1500
1621,1900,1500
1622,1898,1500
1623,1896,1500
1624,1894,1500
1618,1891,1500
1614,1884,1500
1608,1881,1500
1607,1883,1500
1606,1885,1500
1605,1887,1500
1604,1889,1500
1603,1891,1500
1602,1893,1500
1606,1900,1500
1601,1895,1500
1600,1897,1500
1598,1899,1500
1597,1901,1500
1596,1903,1500
1595,1905,1500
1594,1907,1500
1593,1908,1500
1592,1910,1500
1591,1912,1500
1585,1909,1500
1579,1905,1500
1580,1903,1500
1581,1902,1500
1582,1900,1500
1583,1898,1500
1577,1894,1500
1576,1896,1500
1575,1898,1500
1574,1900,1500
1578,1907,1500
1577,1909,1500
1576,1911,1500
1575,1913,1500
1574,1915,1500
1573,1917,1500
1572,1918,1500
1570,1920,1500
1564,1917,1500
1563,1918,1500
1562,1920,1500
1561,1922,1500
1560,1924,1500
1559,1926,1500
1558,1928,1500
1557,1929,1500
1556,1931,1500
1555,1933,1500
1544,1936,1500
1543,1938,1500
1542,1940,1500
1541,1942,1500
1540,1943,1500
1545,1951,1500
1544,1953,1500
1543,1955,1500
1547,1962,1500
1548,1961,1500
1555,1965,1500
1556,1963,1500
1557,1961,1500
1558,1959,1500
1559,1957,1500
1552,1953,1500
1553,1952,1500
1560,1956,1500
1564,1963,1500
1568,1971,1500
1568,1973,1500
1567,1975,1500
1566,1976,1500
1559,1972,1500
1558,1974,1500
1557,1976,1500
1551,1972,1500
1546,1964,1500
1545,1966,1500
1544,1968,1500
1550,1974,1500
1556,1978,1500
1555,1980,1500
1569,1909,1500
1567,1911,1500
1566,1913,1500
1565,1915,1500
1569,1922,1500
1575,1928,1500
1576,1926,1500
1582,1930,1500
1583,1928,1500
1584,1926,1500
1585,1924,1500
1586,1922,1500
1580,1918,1500
1581,1916,1500
1587,1920,1500
1591,1927,1500
1595,1935,1500
1594,1937,1500
1593,1939,1500
1592,1941,1500
1586,1937,1500
1587,1935,1500
1588,1933,1500
1589,1931,1500
1590,1929,1500
1596,1933,1500
1597,1931,1500
1592,1926,1500
1588,1918,1500
1582,1915,1500
1583,1913,1500
1584,1911,1500
1590,1914,1500
1589,1916,1500
1595,1920,1500
1596,1918,1500
1597,1916,1500
1598,1914,1500
1599,1912,1500
1600,1910,1500
1601,1908,1500
1602,1906,1500
1603,1904,1500
1604,1902,1500
1611,1905,1500
1612,1903,1500
1613,1901,1500
1607,1898,1500
1668,1752,1500
1671,1759,1500
1675,1763,1500
1677,1770,1500
1680,1777,1500
1678,1780,1500
1677,1782,1500
1680,1789,1500
1678,1792,1500
1677,1794,1500
1675,1797,1500
1674,1799,1500
1673,1802,1500
1671,1804,1500
1674,1811,1500
1680,1813,1500
1681,1811,1500
1683,1808,1500
1684,1806,1500
1685,1803,1500
1687,1800,1500
1681,1799,1500
1680,1801,1500
1678,1804,1500
1677,1806,1500
1676,1809,1500
1679,1816,1500
1673,1814,1500
1672,1816,1500
1666,1814,1500
1663,1807,1500
1664,1805,1500
1666,1802,1500
1667,1800,1500
1668,1797,1500
1670,1795,1500
1671,1792,1500
1673,1790,1500
1674,1787,1500
1675,1785,1500
1681,1787,1500
1684,1794,1500
1682,1796,1500
1688,1798,1500
1691,1805,1500
1697,1806,1500
1698,1804,1500
1699,1801,1500
1701,1799,1500
1702,1796,1500
1708,1797,1500
1709,1795,1500
1711,1792,1500
1712,1789,1500
1713,1786,1500
1716,1793,1500
1719,1800,1500
1718,1803,1500
1716,1806,1500
1711,1804,1500
1709,1807,1500
1708,1810,1500
1707,1812,1500
1705,1815,1500
1700,1813,1500
1695,1809,1500
1690,1807,1500
1688,1810,1500
1687,1812,1500
1686,1815,1500
1684,1818,1500
1683,1820,1500
1682,1823,1500
1680,1825,1500
1679,1827,1500
1682,1834,1500
1686,1841,1500
1691,1843,1500
1688,1836,1500
1685,1829,1500
1686,1827,1500
1687,1824,1500
1689,1822,1500
1690,1819,1500
1691,1817,1500
1693,1814,1500
1694,1812,1500
1698,1816,1500
1697,1819,1500
1696,1821,1500
1694,1824,1500
1693,1826,1500
1692,1829,1500
1691,1831,1500
1689,1834,1500
1684,1832,1500
1678,1830,1500
1677,1832,1500
1558,1942,1500
1557,1944,1500
1556,1946,1500
1561,1954,1500
1565,1961,1500
1569,1969,1500
1570,1967,1500
1571,1965,1500
1577,1971,1500
1583,1975,1500
1584,1973,1500
1585,1971,1500
1591,1975,1500
1592,1973,1500
1593,1971,1500
1594,1969,1500
1595,1967,1500
1596,1965,1500
1601,1973,1500
1605,1980,1500
1604,1982,1500
1603,1984,1500
1597,1981,1500
1596,1982,1500
1603,1986,1500
1598,1979,1500
1599,1977,1500
1600,1975,1500
1606,1978,1500
1607,1976,1500
1608,1974,1500
1602,1971,1500
1597,1963,1500
1591,1960,1500
1590,1962,1500
1589,1964,1500
1588,1965,1500
1587,1967,1500
1586,1969,1500
1555,1948,1500
1554,1950,1500
1555,1948,1500
1561,1952,1500
1562,1950,1500
1563,1948,1500
1564,1946,1500
1565,1945,1500
1566,1943,1500
1567,1941,1500
1568,1939,1500
1570,1937,1500
1571,1935,1500
1572,1933,1500
1573,1932,1500
1574,1930,1500
1578,1937,1500
1577,1939,1500
1576,1941,1500
1575,1943,1500
1574,1945,1500
1573,1947,1500
1572,1948,1500
1571,1950,1500
1570,1952,1500
1569,1954,1500
1568,1956,1500
1567,1958,1500
1566,1959,1500
1572,1963,1500
1573,1962,1500
1574,1960,1500
1575,1958,1500
1576,1956,1500
1577,1954,1500
1578,1952,1500
1579,1950,1500
1580,1948,1500
1581,1947,1500
1582,1945,1500
1583,1943,1500
1584,1941,1500
1585,1939,1500
1579,1935,1500
1560,1970,1500
1565,1978,1500
1569,1986,1500
1568,1988,1500
1567,1990,1500
1572,1997,1500
1566,1991,1500
1573,1995,1500
1574,1994,1500
1575,1992,1500
1576,1990,1500
1577,1988,1500
1578,1986,1500
1579,1984,1500
1579,1982,1500
1580,1981,1500
1576,1973,1500
1582,1977,1500
1588,1983,1500
1581,1979,1500
1587,1984,1500
1586,1986,1500
1585,1988,1500
1584,1990,1500
1583,1992,1500
1582,1994,1500
1581,1996,1500
1581,1998,1500
1580,1999,1500
1579,2001,1500
1584,2009,1500
1578,2003,1500
1584,2007,1500
1585,2005,1500
1586,2003,1500
1587,2002,1500
1588,2000,1500
1589,1998,1500
1590,1996,1500
1591,1994,1500
1592,1992,1500
1592,1990,1500
1593,1988,1500
1594,1986,1500
1595,1984,1500
1589,1981,1500
1659,1803,1500
1662,1809,1500
1660,1812,1500
1659,1814,1500
1658,1817,1500
1657,1819,1500
1655,1821,1500
1654,1824,1500
1653,1826,1500
1651,1828,1500
1650,1830,1500
1649,1833,1500
1648,1835,1500
1651,1842,1500
1652,1840,1500
1653,1837,1500
1655,1835,1500
1656,1833,1500
1657,1831,1500
1658,1828,1500
1660,1826,1500
1661,1823,1500
1662,1821,1500
1663,1819,1500
1665,1816,1500
1670,1818,1500
1669,1821,1500
1668,1823,1500
1667,1826,1500
1665,1828,1500
1664,1830,1500
1663,1833,1500
1662,1835,1500
1660,1837,1500
1659,1840,1500
1658,1842,1500
1657,1844,1500
1660,1851,1500
1661,1849,1500
1630,1854,1500
1633,1862,1500
1630,1854,1500
1636,1857,1500
1642,1860,1500
1640,1862,1500
1639,1864,1500
1638,1866,1500
1632,1864,1500
1631,1866,1500
1630,1868,1500
1629,1870,1500
1628,1872,1500
1627,1874,1500
1626,1876,1500
1624,1879,1500
1623,1881,1500
1622,1883,1500
1626,1890,1500
1630,1897,1500
1636,1900,1500
1637,1898,1500
1638,1896,1500
1639,1894,1500
1640,1891,1500
1641,1889,1500
1642,1887,1500
1643,1885,1500
1644,1883,1500
1645,1881,1500
1647,1878,1500
1648,1876,1500
1653,1879,1500
1655,1877,1500
1656,1874,1500
1657,1872,1500
1658,1870,1500
1659,1868,1500
1660,1865,1500
1661,1863,1500
1662,1861,1500
1667,1865,1500
1666,1868,1500
1665,1870,1500
1664,1872,1500
1663,1875,1500
1662,1877,1500
1660,1879,1500
1659,1881,1500
1658,1884,1500
1662,1891,1500
1661,1893,1500
1655,1890,1500
1656,1888,1500
1657,1886,1500
1663,1889,1500
1664,1886,1500
1665,1884,1500
1666,1882,1500
1667,1879,1500
1668,1877,1500
1670,1875,1500
1671,1872,1500
1672,1870,1500
1673,1868,1500
1669,1861,1500
1671,1858,1500
1695,1750,1500
1701,1752,1500
1699,1755,1500
1702,1761,1500
1698,1757,1500
1696,1760,1500
1694,1763,1500
1693,1766,1500
1691,1768,1500
1690,1771,1500
1688,1774,1500
1687,1776,1500
1685,1779,1500
1684,1781,1500
1682,1784,1500
1688,1786,1500
1690,1783,1500
1691,1780,1500
1692,1778,1500
1694,1775,1500
1695,1772,1500
1697,1770,1500
1698,1767,1500
1700,1764,1500
1706,1766,1500
1707,1763,1500
1709,1760,1500
1710,1757,1500
1712,1754,1500
1710,1747,1500
1711,1744,1500
1713,1741,1500
1715,1738,1500
1709,1737,1500
1711,1734,1500
1591,1943,1500
1597,1946,1500
1598,1944,1500
1599,1942,1500
1600,1940,1500
1601,1938,1500
1602,1936,1500
1609,1940,1500
1610,1938,1500
1611,1936,1500
1612,1934,1500
1618,1937,1500
1619,1935,1500
1620,1933,1500
1621,1931,1500
1622,1929,1500
1623,1927,1500
1627,1934,1500
1631,1942,1500
1630,1944,1500
1629,1946,1500
1623,1943,1500
1622,1945,1500
1628,1948,1500
1624,1941,1500
1625,1938,1500
1626,1936,1500
1632,1940,1500
1633,1938,1500
1634,1935,1500
1628,1932,1500
1624,1925,1500
1617,1922,1500
1616,1924,1500
1615,1926,1500
1614,1928,1500
1613,1930,1500
1612,1932,1500
1619,1904,1500
1625,1907,1500
1626,1905,1500
1627,1903,1500
1628,1901,1500
1629,1899,1500
1635,1902,1500
1640,1907,1500
1634,1904,1500
1633,1906,1500
1632,1908,1500
1631,1911,1500
1630,1913,1500
1624,1910,1500
1623,1912,1500
1622,1914,1500
1621,1916,1500
1625,1923,1500
1629,1930,1500
1635,1933,1500
1631,1926,1500
1627,1919,1500
1628,1917,1500
1629,1915,1500
1635,1918,1500
1636,1916,1500
1637,1914,1500
1638,1911,1500
1639,1909,1500
1645,1912,1500
1646,1910,1500
1647,1908,1500
1648,1906,1500
1642,1903,1500
1641,1905,1500
1604,1932,1500
1603,1934,1500
1608,1942,1500
1607,1944,1500
1606,1946,1500
1605,1948,1500
1604,1950,1500
1603,1952,1500
1597,1948,1500
1596,1950,1500
1595,1952,1500
1594,1954,1500
1598,1961,1500
1602,1969,1500
1609,1973,1500
1604,1965,1500
1600,1958,1500
1601,1956,1500
1602,1954,1500
1608,1957,1500
1609,1955,1500
1610,1953,1500
1611,1951,1500
1612,1949,1500
1613,1947,1500
1619,1951,1500
1620,1949,1500
1621,1947,1500
1615,1943,1500
1614,1945,1500
1618,1953,1500
1617,1955,1500
1616,1957,1500
1615,1959,1500
1614,1961,1500
1613,1963,1500
1607,1959,1500
1606,1961,1500
1605,1963,1500
1599,1959,1500
1593,1956,1500
1592,1958,1500
1613,1980,1500
1620,1984,1500
1619,1986,1500
1613,1982,1500
1612,1984,1500
1611,1986,1500
1610,1988,1500
1609,1990,1500
1608,1992,1500
1607,1994,1500
1606,1996,1500
1605,1998,1500
1605,2000,1500
1609,2007,1500
1609,2009,1500
1608,2011,1500
1607,2013,1500
1606,2015,1500
1605,2017,1500
1604,2019,1500
1609,2027,1500
1616,2030,1500
1617,2028,1500
1618,2026,1500
1618,2025,1500
1619,2023,1500
1613,2019,1500
1612,2021,1500
1611,2023,1500
1610,2025,1500
1603,2021,1500
1608,2029,1500
1608,2031,1500
1607,2032,1500
1639,1941,1500
1645,1944,1500
1644,1946,1500
1638,1943,1500
1637,1945,1500
1636,1947,1500
1635,1949,1500
1634,1951,1500
1633,1953,1500
1632,1955,1500
1632,1957,1500
1631,1959,1500
1630,1961,1500
1634,1969,1500
1633,1971,1500
1632,1973,1500
1631,1975,1500
1631,1977,1500
1630,1979,1500
1629,1981,1500
1633,1988,1500
1640,1992,1500
1641,1990,1500
1642,1988,1500
1642,1986,1500
1643,1984,1500
1637,1980,1500
1636,1982,1500
1635,1984,1500
1634,1986,1500
1628,1983,1500
1633,1991,1500
1632,1993,1500
1631,1995,1500
1630,1997,1500
1624,1993,1500
1618,1988,1500
1617,1990,1500
1616,1992,1500
1615,1994,1500
1615,1995,1500
1614,1997,1500
1613,1999,1500
1612,2001,1500
1611,2003,1500
1618,2007,1500
1618,2005,1500
1619,2003,1500
1620,2001,1500
1621,1999,1500
1622,1997,1500
1623,1995,1500
1629,1999,1500
1628,2001,1500
1628,2003,1500
1627,2005,1500
1626,2007,1500
1625,2009,1500
1624,2011,1500
1623,2013,1500
1617,2009,1500
1616,2011,1500
1621,2019,1500
1620,2021,1500
1613,2017,1500
1614,2015,1500
1615,2013,1500
1610,2005,1500
1604,2002,1500
1666,1898,1500
1670,1905,1500
1675,1910,1500
1669,1907,1500
1668,1910,1500
1667,1912,1500
1666,1914,1500
1660,1911,1500
1659,1914,1500
1658,1916,1500
1657,1918,1500
1656,1920,1500
1660,1927,1500
1659,1930,1500
1658,1932,1500
1657,1934,1500
1656,1936,1500
1655,1938,1500
1654,1940,1500
1658,1948,1500
1665,1951,1500
1665,1948,1500
1666,1946,1500
1667,1944,1500
1668,1942,1500
1669,1940,1500
1663,1937,1500
1662,1939,1500
1661,1941,1500
1660,1943,1500
1659,1945,1500
1653,1943,1500
1657,1950,1500
1657,1952,1500
1656,1954,1500
1655,1956,1500
1649,1953,1500
1643,1948,1500
1642,1950,1500
1641,1952,1500
1641,1954,1500
1640,1956,1500
1639,1958,1500
1638,1961,1500
1637,1963,1500
1636,1965,1500
1642,1968,1500
1643,1966,1500
1644,1964,1500
1645,1962,1500
1646,1960,1500
1647,1957,1500
1648,1955,1500
1654,1958,1500
1653,1960,1500
1652,1963,1500
1651,1965,1500
1650,1967,1500
1649,1969,1500
1649,1971,1500
1648,1973,1500
1641,1970,1500
1640,1972,1500
1645,1979,1500
1644,1982,1500
1638,1978,1500
1639,1976,1500
1640,1974,1500
1635,1967,1500
1629,1963,1500
1715,1808,1500
1721,1810,1500
1722,1807,1500
1723,1804,1500
1725,1801,1500
1730,1803,1500
1732,1800,1500
1733,1797,1500
1735,1794,1500
1736,1791,1500
1737,1788,1500
1743,1789,1500
1745,1786,1500
1746,1783,1500
1748,1780,1500
1749,1777,1500
1751,1774,1500
1753,1781,1500
1756,1788,1500
1755,1791,1500
1753,1794,1500
1747,1793,1500
1746,1796,1500
1752,1797,1500
1749,1790,1500
1750,1787,1500
1752,1784,1500
1758,1785,1500
1759,1781,1500
1755,1778,1500
1695,1850,1500
1701,1852,1500
1699,1855,1500
1698,1857,1500
1692,1855,1500
1697,1860,1500
1696,1862,1500
1695,1865,1500
1694,1867,1500
1693,1870,1500
1691,1872,1500
1690,1875,1500
1689,1877,1500
1695,1879,1500
1696,1877,1500
1697,1874,1500
1698,1872,1500
1699,1869,1500
1701,1867,1500
1702,1864,1500
1708,1866,1500
1709,1864,1500
1710,1861,1500
1711,1859,1500
1712,1856,1500
1713,1853,1500
1710,1846,1500
1711,1844,1500
1712,1841,1500
1713,1839,1500
1715,1836,1500
1716,1833,1500
1717,1830,1500
1720,1837,1500
1724,1844,1500
1723,1847,1500
1721,1850,1500
1720,1852,1500
1714,1851,1500
1719,1855,1500
1716,1848,1500
1717,1845,1500
1718,1843,1500
1719,1840,1500
1725,1842,1500
1726,1839,1500
1723,1832,1500
1720,1825,1500
1717,1818,1500
1718,1815,1500
1719,1813,1500
1725,1814,1500
1726,1811,1500
1728,1808,1500
1729,1806,1500
1733,1810,1500
1732,1813,1500
1731,1815,1500
1729,1818,1500
1724,1817,1500
1722,1820,1500
1721,1822,1500
1715,1821,1500
1714,1824,1500
1713,1826,1500
1711,1829,1500
1710,1832,1500
1709,1834,1500
1708,1837,1500
1706,1839,1500
1705,1842,1500
1704,1845,1500
1703,1847,1500
1702,1850,1500
1615,2032,1500
1622,2036,1500
1623,2034,1500
1623,2032,1500
1624,2030,1500
1631,2034,1500
1632,2032,1500
1632,2030,1500
1633,2028,1500
1634,2026,1500
1635,2024,1500
1636,2022,1500
1642,2025,1500
1643,2023,1500
1644,2021,1500
1645,2019,1500
1645,2017,1500
1646,2015,1500
1651,2023,1500
1656,2030,1500
1656,2032,1500
1655,2034,1500
1654,2036,1500
1647,2033,1500
1647,2035,1500
1642,2027,1500
1648,2031,1500
1649,2029,1500
1650,2027,1500
1650,2025,1500
1657,2028,1500
1658,2026,1500
1652,2021,1500
1647,2013,1500
1642,2006,1500
1643,2003,1500
1644,2001,1500
1645,1999,1500
1645,1997,1500
1646,1995,1500
1647,1993,1500
1648,1991,1500
1654,1994,1500
1655,1992,1500
1656,1990,1500
1657,1988,1500
1658,1986,1500
1659,1984,1500
1659,1982,1500
1666,1985,1500
1667,1983,1500
1667,1980,1500
1668,1978,1500
1669,1976,1500
1670,1974,1500
1675,1981,1500
1679,1989,1500
1679,1991,1500
1678,1993,1500
1671,1990,1500
1671,1992,1500
1677,1995,1500
1672,1988,1500
1673,1986,1500
1674,1983,1500
1680,1986,1500
1681,1984,1500
1675,1979,1500
1671,1972,1500
1666,1964,1500
1667,1962,1500
1668,1960,1500
1669,1958,1500
1670,1956,1500
1676,1958,1500
1677,1956,1500
1678,1954,1500
1679,1952,1500
1680,1949,1500
1681,1947,1500
1681,1945,1500
1682,1943,1500
1683,1940,1500
1684,1938,1500
1685,1936,1500
1691,1938,1500
1692,1936,1500
1693,1934,1500
1694,1931,1500
1695,1929,1500
1699,1936,1500
1703,1943,1500
1703,1946,1500
1702,1948,1500
1696,1946,1500
1695,1948,1500
1690,1941,1500
1696,1943,1500
1697,1941,1500
1698,1939,1500
1704,1941,1500
1705,1939,1500
1700,1934,1500
1696,1927,1500
1692,1920,1500
1693,1917,1500
1694,1915,1500
1700,1917,1500
1701,1915,1500
1702,1912,1500
1703,1910,1500
1704,1908,1500
1705,1905,1500
1706,1903,1500
1707,1900,1500
1708,1898,1500
1709,1895,1500
1710,1893,1500
1711,1890,1500
1712,1888,1500
1718,1890,1500
1719,1887,1500
1720,1885,1500
1721,1882,1500
1722,1879,1500
1726,1887,1500
1729,1894,1500
1728,1896,1500
1727,1899,1500
1721,1897,1500
1722,1894,1500
1723,1892,1500
1725,1889,1500
1730,1891,1500
1731,1888,1500
1727,1884,1500
1723,1877,1500
1718,1872,1500
1717,1875,1500
1716,1878,1500
1715,1880,1500
1714,1883,1500
1713,1885,1500
1717,1892,1500
1720,1899,1500
1719,1902,1500
1718,1904,1500
1717,1907,1500
1716,1909,1500
1716,1912,1500
1715,1914,1500
1714,1917,1500
1713,1919,1500
1712,1922,1500
1711,1924,1500
1710,1927,1500
1704,1924,1500
1703,1927,1500
1699,1920,1500
1698,1922,1500
1697,1924,1500
1691,1922,1500
1690,1924,1500
1689,1927,1500
1688,1929,1500
1687,1931,1500
1686,1934,1500
1673,1949,1500
1672,1951,1500
1671,1953,1500
1675,1961,1500
1681,1966,1500
1680,1968,1500
1674,1963,1500
1673,1965,1500
1673,1967,1500
1672,1969,1500
1665,1967,1500
1665,1969,1500
1664,1971,1500
1663,1973,1500
1662,1975,1500
1661,1977,1500
1660,1979,1500
1665,1987,1500
1670,1994,1500
1669,1996,1500
1668,1999,1500
1667,2001,1500
1666,2003,1500
1666,2005,1500
1665,2007,1500
1658,2004,1500
1658,2006,1500
1657,2008,1500
1656,2010,1500
1655,2012,1500
1654,2014,1500
1654,2016,1500
1653,2018,1500
1659,2022,1500
1660,2020,1500
1661,2018,1500
1662,2016,1500
1663,2013,1500
1663,2011,1500
1664,2009,1500
1718,1858,1500
1721,1865,1500
1726,1869,1500
1727,1866,1500
1728,1864,1500
1729,1861,1500
1731,1858,1500
1732,1856,1500
1733,1853,1500
1734,1850,1500
1735,1847,1500
1736,1845,1500
1738,1842,1500
1739,1839,1500
1740,1836,1500
1741,1833,1500
1743,1831,1500
1748,1832,1500
1750,1829,1500
1751,1826,1500
1752,1823,1500
1753,1820,1500
1755,1817,1500
1756,1814,1500
1757,1811,1500
1759,1808,1500
1760,1805,1500
1762,1802,1500
1763,1799,1500
1765,1795,1500
1766,1792,1500
1767,1789,1500
1720,1867,1500
1725,1872,1500
1724,1874,1500
1728,1881,1500
1733,1886,1500
1734,1883,1500
1735,1880,1500
1736,1878,1500
1737,1875,1500
1738,1872,1500
1739,1870,1500
1740,1867,1500
1741,1864,1500
1742,1861,1500
1743,1859,1500
1745,1856,1500
1746,1853,1500
1747,1850,1500
1748,1847,1500
1749,1844,1500
1750,1842,1500
1752,1839,1500
1757,1840,1500
1759,1837,1500
1760,1834,1500
1761,1831,1500
1755,1830,1500
1754,1833,1500
1753,1836,1500
1756,1843,1500
1755,1846,1500
1654,2058,1500
1660,2066,1500
1660,2064,1500
1661,2062,1500
1662,2060,1500
1662,2058,1500
1663,2056,1500
1664,2054,1500
1665,2052,1500
1665,2050,1500
1666,2047,1500
1667,2045,1500
1668,2043,1500
1668,2041,1500
1669,2039,1500
1670,2037,1500
1670,2035,1500
1671,2033,1500
1672,2031,1500
1673,2028,1500
1673,2026,1500
1680,2029,1500
1681,2027,1500
1682,2025,1500
1682,2023,1500
1683,2021,1500
1684,2019,1500
1685,2016,1500
1685,2014,1500
1686,2012,1500
1687,2010,1500
1688,2008,1500
1688,2005,1500
1689,2003,1500
1690,2001,1500
1691,1999,1500
1691,1997,1500
1692,1994,1500
1693,1992,1500
1694,1990,1500
1695,1988,1500
1695,1985,1500
1653,2061,1500
1659,2068,1500
1664,2076,1500
1671,2079,1500
1672,2077,1500
1673,2075,1500
1674,2073,1500
1674,2071,1500
1675,2069,1500
1676,2067,1500
1676,2065,1500
1677,2063,1500
1678,2061,1500
1678,2058,1500
1679,2056,1500
1680,2054,1500
1680,2052,1500
1681,2050,1500
1682,2048,1500
1682,2046,1500
1683,2043,1500
1684,2041,1500
1685,2039,1500
1685,2037,1500
1686,2035,1500
1693,2038,1500
1693,2036,1500
1694,2034,1500
1695,2031,1500
1696,2029,1500
1696,2027,1500
1697,2025,1500
1698,2022,1500
1699,2020,1500
1699,2018,1500
1700,2016,1500
1701,2014,1500
1701,2011,1500
1702,2009,1500
1703,2007,1500
1704,2005,1500
1704,2002,1500
1705,2000,1500
1706,1998,1500
1707,1995,1500
1717,1946,1500
1716,1948,1500
1715,1951,1500
1714,1953,1500
1713,1955,1500
1712,1958,1500
1712,1960,1500
1711,1962,1500
1710,1965,1500
1709,1967,1500
1708,1970,1500
1707,1972,1500
1707,1974,1500
1706,1977,1500
1705,1979,1500
1704,1981,1500
1703,1983,1500
1709,1988,1500
1716,1991,1500
1716,1989,1500
1717,1986,1500
1718,1984,1500
1719,1982,1500
1719,1979,1500
1720,1977,1500
1721,1975,1500
1722,1972,1500
1723,1970,1500
1723,1967,1500
1724,1965,1500
1725,1962,1500
1726,1960,1500
1727,1958,1500
1727,1955,1500
1727,1955,1300
